[
  {
    "id": 0,
    "img_name": "Untitled000",
    "width": 1278,
    "height": 708,
    "position": [-1.6000144918235408, -0.08519045047299127, 3.303405649045783],
    "rotation": [
      [-0.24106667037919496, 0.6725959796995356, 0.6996438440551809],
      [0.8571369792330948, 0.4856755448463105, -0.1715676658622027],
      [-0.4551956274652178, 0.5583313650783567, -0.6935870727646853]
    ],
    "fy": 813.4655009059289,
    "fx": 1725.4521005796191
  },
  {
    "id": 1,
    "img_name": "Untitled001",
    "width": 1278,
    "height": 708,
    "position": [-1.6002803033764093, -0.08502632330646845, 3.304413526399256],
    "rotation": [
      [-0.24106442998647196, 0.6726717783155617, 0.6995717398902541],
      [0.8571581148811698, 0.48563035694801554, -0.17158998369340342],
      [-0.45515701322582824, 0.5582793521780318, -0.6936542786165313]
    ],
    "fy": 813.4655009059289,
    "fx": 1725.4521005796191
  },
  {
    "id": 2,
    "img_name": "Untitled002",
    "width": 1278,
    "height": 708,
    "position": [-1.5995687469767566, -0.0860778803992241, 3.3027483877047605],
    "rotation": [
      [-0.24121520371092037, 0.6746683043098538, 0.697594369715213],
      [0.8567764831497622, 0.4856496143292042, -0.17343157158781822],
      [-0.4557952209273641, 0.5558481188792145, -0.695186007711759]
    ],
    "fy": 813.4655009059289,
    "fx": 1725.4521005796191
  },
  {
    "id": 3,
    "img_name": "Untitled003",
    "width": 1278,
    "height": 708,
    "position": [-1.599920595160378, -0.08544499851353204, 3.303780006838606],
    "rotation": [
      [-0.24108819753528188, 0.6748508204774734, 0.6974617201754301],
      [0.8567749092779621, 0.48556759333639454, -0.1736688433002356],
      [-0.45586537030238317, 0.5556981936288643, -0.6952598663497616]
    ],
    "fy": 813.4655009059289,
    "fx": 1725.4521005796191
  },
  {
    "id": 4,
    "img_name": "Untitled004",
    "width": 1278,
    "height": 708,
    "position": [-1.599906008785022, -0.08545386083893346, 3.3037670199669447],
    "rotation": [
      [-0.24115516779344062, 0.6749352422310143, 0.697356869788403],
      [0.8567481521881722, 0.4855995093821525, -0.17371160067757402],
      [-0.45588023511517783, 0.5555677593978744, -0.6953543527935635]
    ],
    "fy": 813.4655009059289,
    "fx": 1725.4521005796191
  },
  {
    "id": 5,
    "img_name": "Untitled005",
    "width": 1278,
    "height": 708,
    "position": [-1.601799837499637, -0.08346143982448015, 3.3080801940977143],
    "rotation": [
      [-0.24101085093108032, 0.6752602401325122, 0.6970920870513868],
      [0.8567210903033249, 0.48550756234646975, -0.17410163794137795],
      [-0.4560073937590904, 0.5552531089517381, -0.695522279899408]
    ],
    "fy": 813.4655009059289,
    "fx": 1725.4521005796191
  },
  {
    "id": 6,
    "img_name": "Untitled006",
    "width": 1278,
    "height": 708,
    "position": [-1.601003881817357, -0.08507755627361951, 3.3049720617802594],
    "rotation": [
      [-0.24102912361154344, 0.6750213184820825, 0.6973171309854372],
      [0.8566917028294203, 0.48560854357929184, -0.173964561638361],
      [-0.4560529441570125, 0.5554552745248797, -0.6953309644537704]
    ],
    "fy": 813.4655009059289,
    "fx": 1725.4521005796191
  },
  {
    "id": 7,
    "img_name": "Untitled007",
    "width": 1278,
    "height": 708,
    "position": [-1.6009605373896731, -0.08508246428826784, 3.3048934000859567],
    "rotation": [
      [-0.24096647453407394, 0.6750165104506067, 0.6973434367438365],
      [0.8567151570644799, 0.4855621376129672, -0.17397859113324698],
      [-0.45604199127558737, 0.5555016841880965, -0.6953010722396343]
    ],
    "fy": 813.4655009059289,
    "fx": 1725.4521005796191
  },
  {
    "id": 8,
    "img_name": "Untitled008",
    "width": 1278,
    "height": 708,
    "position": [-1.6008956182341123, -0.08508854956114503, 3.304764257762712],
    "rotation": [
      [-0.24090508665707155, 0.6749531574745203, 0.6974259634096828],
      [0.8567121546498722, 0.4855629445528114, -0.17399112319994092],
      [-0.4560800623771254, 0.5555779532094292, -0.6952151570626887]
    ],
    "fy": 813.4655009059289,
    "fx": 1725.4521005796191
  },
  {
    "id": 9,
    "img_name": "Untitled009",
    "width": 1278,
    "height": 708,
    "position": [-1.600443685353249, -0.08529508513184875, 3.304243105659772],
    "rotation": [
      [-0.2408956448108075, 0.6748343269541667, 0.6975442061084742],
      [0.8566724997214294, 0.4856380224316052, -0.17397683578498876],
      [-0.45615952969572177, 0.5556566766745781, -0.6951000943279613]
    ],
    "fy": 813.4655009059289,
    "fx": 1725.4521005796191
  },
  {
    "id": 10,
    "img_name": "Untitled010",
    "width": 1278,
    "height": 708,
    "position": [-1.5999069069526854, -0.08545388452250964, 3.3037674932593575],
    "rotation": [
      [-0.24105004220030626, 0.6745447131939927, 0.6977709560144106],
      [0.8564875608919641, 0.4859823381706899, -0.173925918205088],
      [-0.45642516932413385, 0.5557072942549731, -0.6948852192407405]
    ],
    "fy": 813.4655009059289,
    "fx": 1725.4521005796191
  },
  {
    "id": 11,
    "img_name": "Untitled011",
    "width": 1278,
    "height": 708,
    "position": [-1.599802153249761, -0.08549727207456037, 3.3035641467882586],
    "rotation": [
      [-0.24085544574890203, 0.6745666944163612, 0.6978169022295756],
      [0.856625562190905, 0.4857497164800792, -0.1738961159446592],
      [-0.45626889051765646, 0.5558839696588723, -0.694846538324888]
    ],
    "fy": 813.4655009059289,
    "fx": 1725.4521005796191
  },
  {
    "id": 12,
    "img_name": "Untitled012",
    "width": 1278,
    "height": 708,
    "position": [-1.5995327056728055, -0.08571406612552976, 3.302724207821832],
    "rotation": [
      [-0.24086820552786442, 0.6744014196040596, 0.6979722292482812],
      [0.8565375481358639, 0.4859019902004624, -0.17390423960511195],
      [-0.4564273613612453, 0.5559514197798747, -0.6946884788490105]
    ],
    "fy": 813.4655009059289,
    "fx": 1725.4521005796191
  },
  {
    "id": 13,
    "img_name": "Untitled013",
    "width": 1278,
    "height": 708,
    "position": [-1.599416228423276, -0.08608510495914232, 3.302374374393118],
    "rotation": [
      [-0.24080268743369035, 0.6744489117638158, 0.6979489459446993],
      [0.856661156869165, 0.48571966791313953, -0.17380467920609352],
      [-0.45622990699459387, 0.5560531176272225, -0.6947367863736233]
    ],
    "fy": 813.4655009059289,
    "fx": 1725.4521005796191
  },
  {
    "id": 14,
    "img_name": "Untitled014",
    "width": 1278,
    "height": 708,
    "position": [-1.5997532401259285, -0.08551527496403039, 3.303341812891687],
    "rotation": [
      [-0.2406678377365675, 0.6743695489104409, 0.6980721333655525],
      [0.8565677788932394, 0.48581228308061025, -0.174005936019171],
      [-0.4564763214462588, 0.556068464409135, -0.6945626183783278]
    ],
    "fy": 813.4655009059289,
    "fx": 1725.4521005796191
  },
  {
    "id": 15,
    "img_name": "Untitled015",
    "width": 1278,
    "height": 708,
    "position": [-1.5994164030887223, -0.0860850931218581, 3.3023745523742445],
    "rotation": [
      [-0.2406601667603137, 0.6742525844507034, 0.6981877516087238],
      [0.8565780407804517, 0.4858265971446839, -0.17391543220640265],
      [-0.4564611091731922, 0.5561977794529243, -0.6944690676653752]
    ],
    "fy": 813.4655009059289,
    "fx": 1725.4521005796191
  },
  {
    "id": 16,
    "img_name": "Untitled016",
    "width": 1278,
    "height": 708,
    "position": [-1.5999333341944966, -0.08542743743116754, 3.303819383167466],
    "rotation": [
      [-0.24041479405026903, 0.674204652380756, 0.6983185616249296],
      [0.8566103922859037, 0.48572461708067616, -0.17404089229149658],
      [-0.45652969523302245, 0.556344931737474, -0.6943060955374573]
    ],
    "fy": 813.4655009059289,
    "fx": 1725.4521005796191
  },
  {
    "id": 17,
    "img_name": "Untitled017",
    "width": 1278,
    "height": 708,
    "position": [-1.5992282500483472, -0.08561762942999164, 3.302728805087955],
    "rotation": [
      [-0.24034681681515496, 0.6740282066467674, 0.6985122649541418],
      [0.8565996859374921, 0.48576098625950903, -0.17399207533672023],
      [-0.4565855732484461, 0.5565269453249609, -0.6941234569070952]
    ],
    "fy": 813.4655009059289,
    "fx": 1725.4521005796191
  },
  {
    "id": 18,
    "img_name": "Untitled018",
    "width": 1278,
    "height": 708,
    "position": [-1.599742801777706, -0.0855384190075932, 3.30328195205062],
    "rotation": [
      [-0.2402978727386215, 0.6738540809936246, 0.698697080203954],
      [0.8565372725805895, 0.4858655685145449, -0.1740073274671012],
      [-0.45672840182924673, 0.556646500806639, -0.693933599202565]
    ],
    "fy": 813.4655009059289,
    "fx": 1725.4521005796191
  },
  {
    "id": 19,
    "img_name": "Untitled019",
    "width": 1278,
    "height": 708,
    "position": [-1.5999543513735306, -0.08539626255745102, 3.3038600419620754],
    "rotation": [
      [-0.24011193340174852, 0.6738258122285027, 0.6987882613586699],
      [0.8566082323793045, 0.48572966095000414, -0.17403744623901268],
      [-0.4566931088357668, 0.5567993096691055, -0.6938342259458883]
    ],
    "fy": 813.4655009059289,
    "fx": 1725.4521005796191
  },
  {
    "id": 20,
    "img_name": "Untitled020",
    "width": 1278,
    "height": 708,
    "position": [-1.5989773163716416, -0.08590282208519244, 3.3020681703429324],
    "rotation": [
      [-0.2400532233544464, 0.6736035577956794, 0.6990226726524273],
      [0.8565326148439764, 0.48585937142236596, -0.17404755358695376],
      [-0.4568657676666969, 0.5569550413867045, -0.6935955249338431]
    ],
    "fy": 813.4655009059289,
    "fx": 1725.4521005796191
  },
  {
    "id": 21,
    "img_name": "Untitled021",
    "width": 1278,
    "height": 708,
    "position": [-1.5994196818381679, -0.08608402707883307, 3.302377152124543],
    "rotation": [
      [-0.239719591212069, 0.6734076185636718, 0.6993258874441322],
      [0.8564229162481527, 0.48594057556185283, -0.1743603898470772],
      [-0.45724643914865876, 0.5571211145550126, -0.6932111926410682]
    ],
    "fy": 813.4655009059289,
    "fx": 1725.4521005796191
  },
  {
    "id": 22,
    "img_name": "Untitled022",
    "width": 1278,
    "height": 708,
    "position": [-1.5993061238843138, -0.0860721857319813, 3.3023074767323823],
    "rotation": [
      [-0.23978499068040468, 0.6734971612482844, 0.6992172280735799],
      [0.8565185715290655, 0.48582154731299887, -0.1742221593030373],
      [-0.4570329253677546, 0.5571166825332965, -0.6933555416760485]
    ],
    "fy": 813.4655009059289,
    "fx": 1725.4521005796191
  },
  {
    "id": 23,
    "img_name": "Untitled023",
    "width": 1278,
    "height": 708,
    "position": [-1.5995528147109788, -0.08571318852404834, 3.302745845063971],
    "rotation": [
      [-0.23961391849434405, 0.6735105299099171, 0.6992629949913324],
      [0.8565882318993738, 0.4856813162117863, -0.17427065172969095],
      [-0.45699209077979686, 0.5572227787727719, -0.6932971972981429]
    ],
    "fy": 813.4655009059289,
    "fx": 1725.4521005796191
  },
  {
    "id": 24,
    "img_name": "Untitled024",
    "width": 1278,
    "height": 708,
    "position": [-1.5993353769162235, -0.08606986104785622, 3.302324109823884],
    "rotation": [
      [-0.23949416413765878, 0.6733028334803822, 0.6995039955363316],
      [0.8566297059618271, 0.4856460861619952, -0.17416493866243377],
      [-0.4569771243812508, 0.557504415608365, -0.6930806117396572]
    ],
    "fy": 813.4655009059289,
    "fx": 1725.4521005796191
  },
  {
    "id": 25,
    "img_name": "Untitled025",
    "width": 1278,
    "height": 708,
    "position": [-1.6004786436258387, -0.08416891377111443, 3.3038265387396044],
    "rotation": [
      [-0.23921494204083307, 0.6733688032147933, 0.699536036499534],
      [0.8567104924224384, 0.485446226698407, -0.17432467741998522],
      [-0.45697192876335824, 0.5575987946914481, -0.6930081099676542]
    ],
    "fy": 813.4655009059289,
    "fx": 1725.4521005796191
  },
  {
    "id": 26,
    "img_name": "Untitled026",
    "width": 1278,
    "height": 708,
    "position": [-1.6004771041281396, -0.08417055005892683, 3.3038249722908093],
    "rotation": [
      [-0.23919256811508197, 0.6732917315426798, 0.6996178668350111],
      [0.8567492662269991, 0.4854113040508829, -0.17423134252803055],
      [-0.45691094337738314, 0.5577222517847761, -0.6929489733639181]
    ],
    "fy": 813.4655009059289,
    "fx": 1725.4521005796191
  },
  {
    "id": 27,
    "img_name": "Untitled027",
    "width": 1278,
    "height": 708,
    "position": [-1.5995576593547438, -0.08485607352416526, 3.3013663033768244],
    "rotation": [
      [-0.23915940554302553, 0.6731038635691455, 0.6998099510499945],
      [0.856912211683468, 0.48524893543876835, -0.17388194881381333],
      [-0.4566226453079765, 0.558090189399376, -0.6928427673636455]
    ],
    "fy": 813.4655009059289,
    "fx": 1725.4521005796191
  },
  {
    "id": 28,
    "img_name": "Untitled028",
    "width": 1278,
    "height": 708,
    "position": [-1.5979208572478425, -0.08578292779537641, 3.300846608851588],
    "rotation": [
      [-0.2392969719787618, 0.6730828593259925, 0.6997831261779192],
      [0.8570128808789884, 0.4851728244363185, -0.17359796207323963],
      [-0.456361568506039, 0.5581816862904329, -0.6929410681152302]
    ],
    "fy": 813.4655009059289,
    "fx": 1725.4521005796191
  },
  {
    "id": 29,
    "img_name": "Untitled029",
    "width": 1278,
    "height": 708,
    "position": [-1.5946381749752838, -0.08621701666418155, 3.2944158748419294],
    "rotation": [
      [-0.23949441057686646, 0.6728710429405527, 0.6999192716839084],
      [0.8571225590132072, 0.48515091893566276, -0.17311702598685458],
      [-0.45605191166476955, 0.55845603714883, -0.6929238835824136]
    ],
    "fy": 813.4655009059289,
    "fx": 1725.4521005796191
  },
  {
    "id": 30,
    "img_name": "Untitled030",
    "width": 1278,
    "height": 708,
    "position": [-1.5907690798863994, -0.08334505958554152, 3.295157571896088],
    "rotation": [
      [-0.23967764232559977, 0.673215328874884, 0.6995253739051386],
      [0.8572884846316808, 0.4849180452319653, -0.17294780578638771],
      [-0.4556435908549121, 0.5582433254202792, -0.6933637629243039]
    ],
    "fy": 813.4655009059289,
    "fx": 1725.4521005796191
  },
  {
    "id": 31,
    "img_name": "Untitled031",
    "width": 1278,
    "height": 708,
    "position": [-1.5905992419371524, -0.08933623662949483, 3.2735849424786925],
    "rotation": [
      [-0.23972593236094444, 0.6719041126067146, 0.7007683931341792],
      [0.8575124147906574, 0.48498045316903365, -0.17165785307947476],
      [-0.4551965903140879, 0.5597667581289038, -0.6924285094219373]
    ],
    "fy": 813.4655009059289,
    "fx": 1725.4521005796191
  },
  {
    "id": 32,
    "img_name": "Untitled032",
    "width": 1278,
    "height": 708,
    "position": [-1.5797608078964147, -0.08490395041433746, 3.2779376394944486],
    "rotation": [
      [-0.24035887221123606, 0.6727463659870866, 0.6997427667368287],
      [0.8576497681863205, 0.48479588440449356, -0.17149293161648188],
      [-0.4546036599932882, 0.5589143740463597, -0.6935057568651273]
    ],
    "fy": 813.4655009059289,
    "fx": 1725.4521005796191
  },
  {
    "id": 33,
    "img_name": "Untitled033",
    "width": 1278,
    "height": 708,
    "position": [-1.5777428986914177, -0.08875745918639277, 3.2671280683547614],
    "rotation": [
      [-0.24068383822761447, 0.6721686476043618, 0.7001861175385774],
      [0.8579561314943502, 0.48465741970855364, -0.17034806119441526],
      [-0.45385302295707197, 0.5597289475265418, -0.6933404206113738]
    ],
    "fy": 813.4655009059289,
    "fx": 1725.4521005796191
  },
  {
    "id": 34,
    "img_name": "Untitled034",
    "width": 1278,
    "height": 708,
    "position": [-1.5696685048641086, -0.08550227420611539, 3.266130965923562],
    "rotation": [
      [-0.24109428455546714, 0.6727292322762337, 0.6995062015419996],
      [0.8581855664555225, 0.48436117990265376, -0.17003464626576137],
      [-0.4532009261708332, 0.5593117444183863, -0.6941032294072406]
    ],
    "fy": 813.4655009059289,
    "fx": 1725.4521005796191
  },
  {
    "id": 35,
    "img_name": "Untitled035",
    "width": 1278,
    "height": 708,
    "position": [-1.5632743668880944, -0.08609238724484627, 3.2590924506767],
    "rotation": [
      [-0.24155869870080232, 0.6721920929939186, 0.6998622615904004],
      [0.8584448725663261, 0.48430979393460366, -0.16886806762560533],
      [-0.4524619275105467, 0.5600016192971917, -0.694029099201153]
    ],
    "fy": 813.4655009059289,
    "fx": 1725.4521005796191
  },
  {
    "id": 36,
    "img_name": "Untitled036",
    "width": 1278,
    "height": 708,
    "position": [-1.5585678662691298, -0.08264658034345838, 3.2510920635263485],
    "rotation": [
      [-0.2416082458436097, 0.6722380729659935, 0.6998009922794773],
      [0.8587108753228011, 0.48398401782857436, -0.16844911127357928],
      [-0.4519304018792297, 0.5602280283433503, -0.6941926736258454]
    ],
    "fy": 813.4655009059289,
    "fx": 1725.4521005796191
  },
  {
    "id": 37,
    "img_name": "Untitled037",
    "width": 1278,
    "height": 708,
    "position": [-1.5415447183942093, -0.08487854715059248, 3.2528953308976756],
    "rotation": [
      [-0.2433284668859357, 0.6726897429575075, 0.6987701817641495],
      [0.8586571439461835, 0.4844542377294698, -0.16736786040378757],
      [-0.4511088187490061, 0.559278643670327, -0.6954913603928922]
    ],
    "fy": 813.4655009059289,
    "fx": 1725.4521005796191
  },
  {
    "id": 38,
    "img_name": "Untitled038",
    "width": 1278,
    "height": 708,
    "position": [-1.5352545112397775, -0.08364379754344933, 3.240976783782576],
    "rotation": [
      [-0.24383904577825938, 0.6724084464930754, 0.6988629342286774],
      [0.8587410639424469, 0.48456870598393026, -0.16660418446141592],
      [-0.4506731685522694, 0.559517694327738, -0.6955815156264789]
    ],
    "fy": 813.4655009059289,
    "fx": 1725.4521005796191
  },
  {
    "id": 39,
    "img_name": "Untitled039",
    "width": 1278,
    "height": 708,
    "position": [-1.5253757865910234, -0.08741053495650404, 3.240597107859978],
    "rotation": [
      [-0.24534971902031497, 0.6726498642831001, 0.6981014793399163],
      [0.8588307862773149, 0.4848458060730322, -0.1653306531641389],
      [-0.44968121588403215, 0.5589872131035903, -0.6966491941197805]
    ],
    "fy": 813.4655009059289,
    "fx": 1725.4521005796191
  },
  {
    "id": 40,
    "img_name": "Untitled040",
    "width": 1278,
    "height": 708,
    "position": [-1.5200823417541922, -0.08894178633296573, 3.2301816613029306],
    "rotation": [
      [-0.24610812207707852, 0.6721284179003075, 0.6983367254401872],
      [0.8589418255438032, 0.48505332712457633, -0.16414082422376688],
      [-0.4490542646264175, 0.559434231787981, -0.6966947737170266]
    ],
    "fy": 813.4655009059289,
    "fx": 1725.4521005796191
  },
  {
    "id": 41,
    "img_name": "Untitled041",
    "width": 1278,
    "height": 708,
    "position": [-1.5104920937970883, -0.09008891075446149, 3.2201151087065543],
    "rotation": [
      [-0.24708663318909616, 0.6717923152550629, 0.6983146002078998],
      [0.8589895327284595, 0.48535832696864967, -0.16298551194856603],
      [-0.44842522047964656, 0.5595733907240726, -0.6969881218724925]
    ],
    "fy": 813.4655009059289,
    "fx": 1725.4521005796191
  },
  {
    "id": 42,
    "img_name": "Untitled042",
    "width": 1278,
    "height": 708,
    "position": [-1.5047356053985759, -0.09038496222197749, 3.211004017896933],
    "rotation": [
      [-0.24760593778553375, 0.671610962178318, 0.6983051016964291],
      [0.8592333223103307, 0.48524694679867303, -0.1620293135642963],
      [-0.4476710817161385, 0.5598875923830421, -0.6972205436521665]
    ],
    "fy": 813.4655009059289,
    "fx": 1725.4521005796191
  },
  {
    "id": 43,
    "img_name": "Untitled043",
    "width": 1278,
    "height": 708,
    "position": [-1.4951036345846798, -0.09151421493630914, 3.1989622844201717],
    "rotation": [
      [-0.24854641285933105, 0.6711043675908339, 0.6984580219707307],
      [0.859182388831102, 0.485699981316778, -0.16093834493793713],
      [-0.44724747442242735, 0.5601021834892168, -0.6973200417838079]
    ],
    "fy": 813.4655009059289,
    "fx": 1725.4521005796191
  },
  {
    "id": 44,
    "img_name": "Untitled044",
    "width": 1278,
    "height": 708,
    "position": [-1.4866802785793394, -0.09185697742698357, 3.189058035501441],
    "rotation": [
      [-0.24921511515829098, 0.6704691819448932, 0.6988296662555086],
      [0.8592222954373668, 0.4859882266026774, -0.1598514642626928],
      [-0.4467984706777565, 0.5606126288853385, -0.6971976813890646]
    ],
    "fy": 813.4655009059289,
    "fx": 1725.4521005796191
  },
  {
    "id": 45,
    "img_name": "Untitled045",
    "width": 1278,
    "height": 708,
    "position": [-1.4860664928667189, -0.09155238863690168, 3.171941262672413],
    "rotation": [
      [-0.24931732998789083, 0.6696246629242781, 0.6996025155552656],
      [0.8594116012222295, 0.4859721245621739, -0.15887980939430446],
      [-0.4463771596445685, 0.5616350282452774, -0.6966444763260334]
    ],
    "fy": 813.4655009059289,
    "fx": 1725.4521005796191
  },
  {
    "id": 46,
    "img_name": "Untitled046",
    "width": 1278,
    "height": 708,
    "position": [-1.4715894552103999, -0.09343460841525282, 3.170646064175814],
    "rotation": [
      [-0.25119300623887647, 0.6697101721476523, 0.6988493106089736],
      [0.8589788572670026, 0.48703122893558404, -0.15797438023226668],
      [-0.4461584879669442, 0.5606147227494626, -0.6976057169000219]
    ],
    "fy": 813.4655009059289,
    "fx": 1725.4521005796191
  },
  {
    "id": 47,
    "img_name": "Untitled047",
    "width": 1278,
    "height": 708,
    "position": [-1.4611787118834407, -0.08200369359851037, 3.1587232905479246],
    "rotation": [
      [-0.2509749393070399, 0.6700201364661698, 0.6986305150576253],
      [0.8591113705403773, 0.4867325988805454, -0.15817405032186804],
      [-0.4460260450333169, 0.5605036966130067, -0.6977796021919044]
    ],
    "fy": 813.4655009059289,
    "fx": 1725.4521005796191
  },
  {
    "id": 48,
    "img_name": "Untitled048",
    "width": 1278,
    "height": 708,
    "position": [-1.4440410293640742, -0.11388310902288984, 3.1772632230714195],
    "rotation": [
      [-0.25625122158148617, 0.669744060860802, 0.6969779081001625],
      [0.858597665112993, 0.48892556154012623, -0.15414877467949262],
      [-0.4440105414294946, 0.5589227927132283, -0.7003284592854505]
    ],
    "fy": 813.4655009059289,
    "fx": 1725.4521005796191
  },
  {
    "id": 49,
    "img_name": "Untitled049",
    "width": 1278,
    "height": 708,
    "position": [-1.466474716590959, -0.07255568660100359, 3.107354869239177],
    "rotation": [
      [-0.24926253534854811, 0.6672292100812495, 0.7019069522992099],
      [0.8594134916278375, 0.48649450575976494, -0.1572626664965674],
      [-0.4464041205899227, 0.5640286137067104, -0.6946906390908285]
    ],
    "fy": 813.4655009059289,
    "fx": 1725.4521005796191
  },
  {
    "id": 50,
    "img_name": "Untitled050",
    "width": 1278,
    "height": 708,
    "position": [-1.454176470333528, -0.054555411017232186, 3.0946333457226713],
    "rotation": [
      [-0.2483469081456242, 0.6676793797468026, 0.7018034333596794],
      [0.859332698101849, 0.48623524215912667, -0.15850111436659403],
      [-0.4470694880972147, 0.563719376235535, -0.6945137418864468]
    ],
    "fy": 813.4655009059289,
    "fx": 1725.4521005796191
  },
  {
    "id": 51,
    "img_name": "Untitled051",
    "width": 1278,
    "height": 708,
    "position": [-1.4247987226706313, -0.07965495154010628, 3.1036460477308943],
    "rotation": [
      [-0.2539971607173247, 0.6669643836654252, 0.7004598155992509],
      [0.857828430369004, 0.4898807811787144, -0.1553937073448701],
      [-0.44678386989481594, 0.5614047836931314, -0.6965693378611204]
    ],
    "fy": 813.4655009059289,
    "fx": 1725.4521005796191
  },
  {
    "id": 52,
    "img_name": "Untitled052",
    "width": 1278,
    "height": 708,
    "position": [-1.4160045158725423, -0.04868375391425394, 3.088115544265652],
    "rotation": [
      [-0.25166966673875407, 0.6677439807222285, 0.7005571747208333],
      [0.8577590681216657, 0.48914017683865096, -0.1580862690346782],
      [-0.44823181491127545, 0.5611237507105585, -0.695865199941669]
    ],
    "fy": 813.4655009059289,
    "fx": 1725.4521005796191
  },
  {
    "id": 53,
    "img_name": "Untitled053",
    "width": 1278,
    "height": 708,
    "position": [
      -1.4320035935866573, -0.032180735078172075, 3.0482769022788396
    ],
    "rotation": [
      [-0.2481693994028428, 0.6658295534867064, 0.7036213149867797],
      [0.8581309631986919, 0.4881149473337652, -0.1592326856805505],
      [-0.44946990911485657, 0.5642825567860916, -0.692504149379073]
    ],
    "fy": 813.4655009059289,
    "fx": 1725.4521005796191
  },
  {
    "id": 54,
    "img_name": "Untitled054",
    "width": 1278,
    "height": 708,
    "position": [-1.413753914450526, -0.04508748901543703, 3.0432589651247177],
    "rotation": [
      [-0.25122521144274024, 0.6648590894482628, 0.703454536067241],
      [0.8570612832477016, 0.4905373115871679, -0.15754079693411763],
      [-0.44981312774679394, 0.5633254273675746, -0.6930603242054661]
    ],
    "fy": 813.4655009059289,
    "fx": 1725.4521005796191
  },
  {
    "id": 55,
    "img_name": "Untitled055",
    "width": 1278,
    "height": 708,
    "position": [-1.391864092849837, -0.03754419411897125, 3.038489740344295],
    "rotation": [
      [-0.25252448255658394, 0.6651125644945676, 0.7027493594881383],
      [0.8560534706833783, 0.4921032673098476, -0.15813547873236578],
      [-0.4510031497012753, 0.5616579482696138, -0.6936400421725206]
    ],
    "fy": 813.4655009059289,
    "fx": 1725.4521005796191
  },
  {
    "id": 56,
    "img_name": "Untitled056",
    "width": 1278,
    "height": 708,
    "position": [-1.4240669502094745, 0.02182351226259934, 2.973825938398191],
    "rotation": [
      [-0.24268065785578494, 0.6636333414101743, 0.7075993827523103],
      [0.8572310254090235, 0.48817135932617317, -0.16384044985848378],
      [-0.454159737734288, 0.5668152363005106, -0.6873568363802887]
    ],
    "fy": 813.4655009059289,
    "fx": 1725.4521005796191
  },
  {
    "id": 57,
    "img_name": "Untitled057",
    "width": 1278,
    "height": 708,
    "position": [-1.4218690702491719, 0.04314779017483598, 2.9476528940038573],
    "rotation": [
      [-0.24047371061154219, 0.6627278232364678, 0.7091997086949267],
      [0.8566672815747679, 0.4884444546934617, -0.16596139116825886],
      [-0.4563918964924915, 0.5676388349888155, -0.6851952932037164]
    ],
    "fy": 813.4655009059289,
    "fx": 1725.4521005796191
  },
  {
    "id": 58,
    "img_name": "Untitled058",
    "width": 1278,
    "height": 708,
    "position": [-1.4163929621104383, 0.06285695745009517, 2.915563052381151],
    "rotation": [
      [-0.23838790488155007, 0.6615111316980506, 0.7110374318175864],
      [0.8559710420736264, 0.4889860795674585, -0.16794698306500574],
      [-0.4587862050428009, 0.5685909220422105, -0.6828027397672137]
    ],
    "fy": 813.4655009059289,
    "fx": 1725.4521005796191
  },
  {
    "id": 59,
    "img_name": "Untitled059",
    "width": 1278,
    "height": 708,
    "position": [-1.4193554774360895, 0.091584370462893, 2.8929909209772253],
    "rotation": [
      [-0.23510898256900642, 0.6611420095809174, 0.7124710586982971],
      [0.8555033417390038, 0.4886864194032782, -0.1711713053178021],
      [-0.4613434713841342, 0.5692774601704421, -0.6805037654217109]
    ],
    "fy": 813.4655009059289,
    "fx": 1725.4521005796191
  },
  {
    "id": 60,
    "img_name": "Untitled060",
    "width": 1278,
    "height": 708,
    "position": [-1.4181805552757596, 0.11934634644710547, 2.863887315498729],
    "rotation": [
      [-0.2321203688401125, 0.660079603231016, 0.714433378117172],
      [0.854607195310172, 0.48915604571171734, -0.17427823922612257],
      [-0.4645069171644389, 0.5701063763387149, -0.6776518601496844]
    ],
    "fy": 813.4655009059289,
    "fx": 1725.4521005796191
  },
  {
    "id": 61,
    "img_name": "Untitled061",
    "width": 1278,
    "height": 708,
    "position": [-1.4192720924544513, 0.15200669267037753, 2.837940730797418],
    "rotation": [
      [-0.2283504068315063, 0.6596313308145602, 0.7160604716835707],
      [0.8538161877931607, 0.48909752696413855, -0.17827374057868936],
      [-0.46781835060441956, 0.5706751409737206, -0.6748895274875616]
    ],
    "fy": 813.4655009059289,
    "fx": 1725.4521005796191
  },
  {
    "id": 62,
    "img_name": "Untitled062",
    "width": 1278,
    "height": 708,
    "position": [-1.4216358327274206, 0.18560001241337284, 2.806491538231318],
    "rotation": [
      [-0.2241567986447338, 0.6584902494908955, 0.7184318485053136],
      [0.85284383215194, 0.48928474267778604, -0.18236731763977337],
      [-0.47160484261904834, 0.5718312967197149, -0.6712658493548673]
    ],
    "fy": 813.4655009059289,
    "fx": 1725.4521005796191
  },
  {
    "id": 63,
    "img_name": "Untitled063",
    "width": 1278,
    "height": 708,
    "position": [-1.4216558154184629, 0.22254422535437637, 2.7712205720444496],
    "rotation": [
      [-0.2195276665924039, 0.6572005597297321, 0.7210374663576238],
      [0.8514836772171926, 0.4898231492805271, -0.18721332714738698],
      [-0.4762175459106716, 0.5728531284018912, -0.6671252822723663]
    ],
    "fy": 813.4655009059289,
    "fx": 1725.4521005796191
  },
  {
    "id": 64,
    "img_name": "Untitled064",
    "width": 1278,
    "height": 708,
    "position": [-1.4240441890103952, 0.2583166852781715, 2.729604657604373],
    "rotation": [
      [-0.214870300884694, 0.6553675599858023, 0.724102282219837],
      [0.8496779444534416, 0.49100226160329735, -0.19226068191343992],
      [-0.4815372721888666, 0.5739426281595595, -0.66235316491597]
    ],
    "fy": 813.4655009059289,
    "fx": 1725.4521005796191
  },
  {
    "id": 65,
    "img_name": "Untitled065",
    "width": 1278,
    "height": 708,
    "position": [-1.4245362508085626, 0.2991926459479412, 2.687077345492606],
    "rotation": [
      [-0.20942511577564013, 0.6538057098495842, 0.7271033039743672],
      [0.8477354094449892, 0.4919885497135407, -0.19822195267906983],
      [-0.4873251444933826, 0.5748785617144272, -0.6572890101208566]
    ],
    "fy": 813.4655009059289,
    "fx": 1725.4521005796191
  },
  {
    "id": 66,
    "img_name": "Untitled066",
    "width": 1278,
    "height": 708,
    "position": [-1.4398335129623374, 0.3471404166889438, 2.646331715970783],
    "rotation": [
      [-0.20223883205080817, 0.6520842836627558, 0.7306747168273685],
      [0.8460603987493319, 0.49209747011145805, -0.2049923939516389],
      [-0.49323549799142186, 0.5767375199429402, -0.6512239066643823]
    ],
    "fy": 813.4655009059289,
    "fx": 1725.4521005796191
  },
  {
    "id": 67,
    "img_name": "Untitled067",
    "width": 1278,
    "height": 708,
    "position": [-1.4665669033664783, 0.3859166084307638, 2.5842017875000467],
    "rotation": [
      [-0.19410098230179565, 0.6484158311887004, 0.7361261566697276],
      [0.8444091064298278, 0.4923719822634259, -0.2110523443612136],
      [-0.4992975762487311, 0.5806261628154998, -0.6430981180242179]
    ],
    "fy": 813.4655009059289,
    "fx": 1725.4521005796191
  },
  {
    "id": 68,
    "img_name": "Untitled068",
    "width": 1278,
    "height": 708,
    "position": [-1.4770985689970717, 0.42197286911573706, 2.52758292308887],
    "rotation": [
      [-0.1872861703539998, 0.6453200862411245, 0.7405983234438762],
      [0.8420777131082283, 0.4936807614564483, -0.21721977546760696],
      [-0.5057954284891755, 0.5829590826649234, -0.6358692416353556]
    ],
    "fy": 813.4655009059289,
    "fx": 1725.4521005796191
  },
  {
    "id": 69,
    "img_name": "Untitled069",
    "width": 1278,
    "height": 708,
    "position": [-1.5018635719019495, 0.4617853909401127, 2.4769277491890844],
    "rotation": [
      [-0.17967567511938898, 0.6417530874596623, 0.7455666479305408],
      [0.8395153272035528, 0.49508790203062714, -0.22383472620043507],
      [-0.5127676541677562, 0.5856969728442374, -0.6277168062433834]
    ],
    "fy": 813.4655009059289,
    "fx": 1725.4521005796191
  },
  {
    "id": 70,
    "img_name": "Untitled070",
    "width": 1278,
    "height": 708,
    "position": [-1.5362860793424986, 0.49962561624727386, 2.412665814377647],
    "rotation": [
      [-0.17101159505484567, 0.636951162391222, 0.7516969143779083],
      [0.8367782138050941, 0.49666801210406253, -0.23048450415104962],
      [-0.5201511850010088, 0.5895880786456508, -0.6179228449094402]
    ],
    "fy": 813.4655009059289,
    "fx": 1725.4521005796191
  },
  {
    "id": 71,
    "img_name": "Untitled071",
    "width": 1278,
    "height": 708,
    "position": [-1.5602755006708102, 0.5466642738392931, 2.3536899613670976],
    "rotation": [
      [-0.16180890311081075, 0.6336167997922794, 0.7565366018211324],
      [0.8336702596222728, 0.4979813425373818, -0.23876448794994434],
      [-0.5280263034124419, 0.5920678453569805, -0.6088052967894857]
    ],
    "fy": 813.4655009059289,
    "fx": 1725.4521005796191
  },
  {
    "id": 72,
    "img_name": "Untitled072",
    "width": 1278,
    "height": 708,
    "position": [-1.5896754931029722, 0.5916346109190976, 2.2845218965408276],
    "rotation": [
      [-0.1523803436613628, 0.6290232034755525, 0.7623057394215254],
      [0.8301146577323948, 0.5000541476326461, -0.24668908458465844],
      [-0.5363673050097985, 0.5952106004808226, -0.5983598041243954]
    ],
    "fy": 813.4655009059289,
    "fx": 1725.4521005796191
  },
  {
    "id": 73,
    "img_name": "Untitled073",
    "width": 1278,
    "height": 708,
    "position": [-1.6168208049947768, 0.6489541793904399, 2.204708952595221],
    "rotation": [
      [-0.14023154417131703, 0.6239404757687769, 0.768786964455538],
      [0.8265915717223882, 0.5012085120777362, -0.2560007831596101],
      [-0.5450518210013062, 0.5995734401374482, -0.586029182127397]
    ],
    "fy": 813.4655009059289,
    "fx": 1725.4521005796191
  },
  {
    "id": 74,
    "img_name": "Untitled074",
    "width": 1278,
    "height": 708,
    "position": [-1.6698724417511899, 0.6928676052534171, 2.0875836228849782],
    "rotation": [
      [-0.12604694964458804, 0.6146730653472391, 0.7786457405148524],
      [0.8229028023083884, 0.5031391948851318, -0.2639733481307206],
      [-0.5540244980488639, 0.6074767265558159, -0.5692353487396351]
    ],
    "fy": 813.4655009059289,
    "fx": 1725.4521005796191
  },
  {
    "id": 75,
    "img_name": "Untitled075",
    "width": 1278,
    "height": 708,
    "position": [-1.696198910184375, 0.745670628793402, 1.9689384578519327],
    "rotation": [
      [-0.11208940940779283, 0.60629478204443, 0.7873008329503466],
      [0.8179224443594917, 0.5062224658452481, -0.27338926476098335],
      [-0.5643038537096895, 0.6133069805075219, -0.552644287357736]
    ],
    "fy": 813.4655009059289,
    "fx": 1725.4521005796191
  },
  {
    "id": 76,
    "img_name": "Untitled076",
    "width": 1278,
    "height": 708,
    "position": [-1.7293753620186574, 0.8108788736231461, 1.873919870056866],
    "rotation": [
      [-0.09712603249099383, 0.6005100186158766, 0.7936965738583718],
      [0.8132553147275807, 0.5076004245692918, -0.28453049405014214],
      [-0.5737441301485372, 0.6178426389616002, -0.5376691795156794]
    ],
    "fy": 813.4655009059289,
    "fx": 1725.4521005796191
  },
  {
    "id": 77,
    "img_name": "Untitled077",
    "width": 1278,
    "height": 708,
    "position": [-1.7601423967915808, 0.8540226757911218, 1.7573522096289336],
    "rotation": [
      [-0.08306912025104203, 0.591778150608514, 0.8018092926145746],
      [0.8077436614499697, 0.5112126971276627, -0.2936183844428975],
      [-0.5836520355897975, 0.6232657529159029, -0.52047103915017]
    ],
    "fy": 813.4655009059289,
    "fx": 1725.4521005796191
  },
  {
    "id": 78,
    "img_name": "Untitled078",
    "width": 1278,
    "height": 708,
    "position": [-1.772007778732996, 0.9121113383221517, 1.650447959182913],
    "rotation": [
      [-0.06828400488779424, 0.585288181762533, 0.8079449479794967],
      [0.8011174626295804, 0.5148211261745743, -0.3052376436717554],
      [-0.594599113475984, 0.626415957917302, -0.5040386313767256]
    ],
    "fy": 813.4655009059289,
    "fx": 1725.4521005796191
  },
  {
    "id": 79,
    "img_name": "Untitled079",
    "width": 1278,
    "height": 708,
    "position": [-1.7874619099462, 0.963955753729423, 1.5279798279968329],
    "rotation": [
      [-0.05238824109354194, 0.5772675153562917, 0.8148728047428618],
      [0.7943608522870146, 0.5185934429466407, -0.31630946442779334],
      [-0.6051828719890979, 0.6307321591984374, -0.4857269138146498]
    ],
    "fy": 813.4655009059289,
    "fx": 1725.4521005796191
  },
  {
    "id": 80,
    "img_name": "Untitled080",
    "width": 1278,
    "height": 708,
    "position": [-1.81904595471382, 1.018802468157234, 1.4163311528279277],
    "rotation": [
      [-0.0373645366493569, 0.568875809167702, 0.8215742237587367],
      [0.7863005380853922, 0.5241209530580466, -0.3271523962500466],
      [-0.616713349302252, 0.6337803565189732, -0.46689089141156026]
    ],
    "fy": 813.4655009059289,
    "fx": 1725.4521005796191
  },
  {
    "id": 81,
    "img_name": "Untitled081",
    "width": 1278,
    "height": 708,
    "position": [-1.7781728467267108, 1.079852132651675, 1.3033430055731745],
    "rotation": [
      [-0.02061054790491959, 0.5642404908576145, 0.8253531812453483],
      [0.7782877989069082, 0.5272412875336598, -0.34100546446133145],
      [-0.6275693646025902, 0.6353340012911372, -0.45000822149789027]
    ],
    "fy": 813.4655009059289,
    "fx": 1725.4521005796191
  },
  {
    "id": 82,
    "img_name": "Untitled082",
    "width": 1278,
    "height": 708,
    "position": [-1.8234302475467532, 1.1429102529674169, 1.1795066752860046],
    "rotation": [
      [-0.0031408855437864945, 0.554238351719012, 0.8323520795443438],
      [0.7692303798710114, 0.5331871962156064, -0.3521307093612255],
      [-0.63896381550249, 0.639164504079766, -0.42801165778862454]
    ],
    "fy": 813.4655009059289,
    "fx": 1725.4521005796191
  },
  {
    "id": 83,
    "img_name": "Untitled083",
    "width": 1278,
    "height": 708,
    "position": [-1.833245145138337, 1.2039187099980233, 1.0549920661782382],
    "rotation": [
      [0.014897939999448164, 0.5463127499539091, 0.8374487629828883],
      [0.7597674805936555, 0.5382977170663806, -0.3646764911993809],
      [-0.6500241740244292, 0.6416992652628801, -0.40705113455797837]
    ],
    "fy": 813.4655009059289,
    "fx": 1725.4521005796191
  },
  {
    "id": 84,
    "img_name": "Untitled084",
    "width": 1278,
    "height": 708,
    "position": [-1.8324833897076789, 1.2488585886025971, 0.9252994747707345],
    "rotation": [
      [0.03152841665277629, 0.5375456404130409, 0.8426450281205619],
      [0.7490426375888257, 0.5454856773773609, -0.37600598778495087],
      [-0.6617711734560091, 0.6430319278613585, -0.3854463046048833]
    ],
    "fy": 813.4655009059289,
    "fx": 1725.4521005796191
  },
  {
    "id": 85,
    "img_name": "Untitled085",
    "width": 1278,
    "height": 708,
    "position": [-1.835510428861547, 1.2863079324549347, 0.7891312979828515],
    "rotation": [
      [0.04832242984126307, 0.5275799099054512, 0.8481299319316542],
      [0.7374818558274513, 0.5538227386870415, -0.38652410848287755],
      [-0.6736359959945242, 0.6441582202978867, -0.36231855061965096]
    ],
    "fy": 813.4655009059289,
    "fx": 1725.4521005796191
  },
  {
    "id": 86,
    "img_name": "Untitled086",
    "width": 1278,
    "height": 708,
    "position": [-1.821202929743141, 1.313066322144977, 0.6585702447217711],
