[
  {
    "id": 0,
    "name": "12312000.jpg",
    "qw": 0.11463578826878475,
    "qx": 0.8685474013963702,
    "qy": -0.09640515360038378,
    "qz": 0.4724299883949931,
    "tx": 4.6728752234781945,
    "ty": -1.4531343961053493,
    "tz": 3.7883211140848028,
    "center": [
      -5.778730756751233,
      -0.5085522338114694,
      -2.1555474379433743
    ],
    "rotation": [
      [
        0.5350319048487862,
        -0.27577965952460826,
        0.7985527159720707
      ],
      [
        -0.059150123038716765,
        -0.9551293648145616,
        -0.29022260320904864
      ],
      [
        0.8427586390766837,
        0.1080438608224613,
        -0.5273370842262022
      ]
    ],
    "cameraId": 0,
    "width": 3754,
    "height": 1618,
    "model": "OPENCV",
    "params": [
      6606.2880859375,
      6606.2880859375,
      1967.9998779296875,
      2544,
      0,
      0,
      0,
      0
    ]
  },
  {
    "id": 1,
    "name": "12312001.jpg",
    "qw": 0.114496583327934,
    "qx": 0.8685371473699385,
    "qy": -0.09620072826812345,
    "qz": 0.4725242596157386,
    "tx": 4.673472822399887,
    "ty": -1.450555552428069,
    "tz": 3.7878163494077057,
    "center": [
      -5.777954047251775,
      -0.5079972247830737,
      -2.1564318159149165
    ],
    "rotation": [
      [
        0.5349324879105615,
        -0.2753126387409406,
        0.7987804356187733
      ],
      [
        -0.05890298567868564,
        -0.9552719045738243,
        -0.28980342753327626
      ],
      [
        0.8428390544202098,
        0.10797471593571671,
        -0.5272227129616551
      ]
    ],
    "cameraId": 1,
    "width": 3754,
    "height": 1618,
    "model": "OPENCV",
    "params": [
      6606.2880859375,
      6606.2880859375,
      1967.9998779296875,
      2544,
      0,
      0,
      0,
      0
    ]
  },
  {
    "id": 2,
    "name": "12312002.jpg",
    "qw": 0.11458587507582517,
    "qx": 0.8685911877806863,
    "qy": -0.09626732244377507,
    "qz": 0.47238969968909156,
    "tx": 4.672483364886002,
    "ty": -1.4533747455894785,
    "tz": 3.788977941528416,
    "center": [
      -5.779174415963569,
      -0.5106464382095517,
      -2.154329610959906
    ],
    "rotation": [
      [
        0.5351611485143123,
        -0.27549227012317146,
        0.7985653099297663
      ],
      [
        -0.05897552166044821,
        -0.9552053597252272,
        -0.29000794574817634
      ],
      [
        0.8426888114634727,
        0.10810517959182496,
        -0.5274360977215145
      ]
    ],
    "cameraId": 2,
    "width": 3754,
    "height": 1618,
    "model": "OPENCV",
    "params": [
      6606.2880859375,
      6606.2880859375,
      1967.9998779296875,
      2544,
      0,
      0,
      0,
      0
    ]
  },
  {
    "id": 3,
    "name": "12312003.jpg",
    "qw": 0.11466427850204726,
    "qx": 0.8686415823456586,
    "qy": -0.09639728457694874,
    "qz": 0.4722514882791012,
    "tx": 4.671563627848086,
    "ty": -1.4550123442764908,
    "tz": 3.7882469772156506,
    "center": [
      -5.7788705293934814,
      -0.5111573670597912,
      -2.152848429876487
    ],
    "rotation": [
      [
        0.5353721906887294,
        -0.27577013196757333,
        0.7983279099165567
      ],
      [
        -0.05916862726740868,
        -0.9551193335235912,
        -0.2902518428481394
      ],
      [
        0.842541210258846,
        0.10815679841802704,
        -0.5276612701075576
      ]
    ],
    "cameraId": 3,
    "width": 3754,
    "height": 1618,
    "model": "OPENCV",
    "params": [
      6606.2880859375,
      6606.2880859375,
      1967.9998779296875,
      2544,
      0,
      0,
      0,
      0
    ]
  },
  {
    "id": 4,
    "name": "12312004.jpg",
    "qw": 0.1147112942657009,
    "qx": 0.868662940625335,
    "qy": -0.09645995794535173,
    "qz": 0.4721879827623893,
    "tx": 4.671988533475137,
    "ty": -1.4559989084794913,
    "tz": 3.785182063379429,
    "center": [
      -5.7768901178299314,
      -0.5110670736271609,
      -2.1543824971715297
    ],
    "rotation": [
      [
        0.535467970895933,
        -0.27591297072157905,
        0.7982143100271915
      ],
      [
        -0.05925179216404247,
        -0.9550735909621375,
        -0.29038536631868483
      ],
      [
        0.842474496510097,
        0.10819643448044265,
        -0.5277596558053466
      ]
    ],
    "cameraId": 4,
    "width": 3754,
    "height": 1618,
    "model": "OPENCV",
    "params": [
      6606.2880859375,
      6606.2880859375,
      1967.9998779296875,
      2544,
      0,
      0,
      0,
      0
    ]
  },
  {
    "id": 5,
    "name": "12312005.jpg",
    "qw": 0.11467847818760211,
    "qx": 0.8686940238191362,
    "qy": -0.09635341809725625,
    "qz": 0.4721605219016824,
    "tx": 4.671894007653171,
    "ty": -1.4563578795438712,
    "tz": 3.7893563304023545,
    "center": [
      -5.780419060755724,
      -0.5131926558930655,
      -2.1517857864585093
    ],
    "rotation": [
      [
        0.5355609207570124,
        -0.27569657717516405,
        0.7982267206074974
      ],
      [
        -0.059109976727368396,
        -0.9551297309231019,
        -0.2902295776761093
      ],
      [
        0.8424253740297659,
        0.10825245697286319,
        -0.5278265763962131
      ]
    ],
    "cameraId": 5,
    "width": 3754,
    "height": 1618,
    "model": "OPENCV",
    "params": [
      6606.2880859375,
      6606.2880859375,
      1967.9998779296875,
      2544,
      0,
      0,
      0,
      0
    ]
  },
  {
    "id": 6,
    "name": "12312006.jpg",
    "qw": 0.11459224010707458,
    "qx": 0.8687034037100163,
    "qy": -0.09637577633076205,
    "qz": 0.4721596389215389,
    "tx": 4.672556357127246,
    "ty": -1.4545361967631534,
    "tz": 3.7847495575521144,
    "center": [
      -5.776914862138707,
      -0.5103697080458822,
      -2.1539649737926263
    ],
    "rotation": [
      [
        0.5355539702202499,
        -0.2756555912917897,
        0.7982455386476655
      ],
      [
        -0.05923226844312318,
        -0.955160656487771,
        -0.2901028415457735
      ],
      [
        0.842421203054867,
        0.10808383453331105,
        -0.5278677877614493
      ]
    ],
    "cameraId": 6,
    "width": 3754,
    "height": 1618,
    "model": "OPENCV",
    "params": [
      6606.2880859375,
      6606.2880859375,
      1967.9998779296875,
      2544,
      0,
      0,
      0,
      0
    ]
  },
  {
    "id": 7,
    "name": "12312007.jpg",
    "qw": 0.11460134879858633,
    "qx": 0.8686938712207254,
    "qy": -0.09637472525589368,
    "qz": 0.47217518072103865,
    "tx": 4.674175055807085,
    "ty": -1.4548685331851534,
    "tz": 3.787212989843682,
    "center": [
      -5.779792268353699,
      -0.5105060538184467,
      -2.1542799342972434
    ],
    "rotation": [
      [
        0.535525022085811,
        -0.27566409150044674,
        0.7982620242609721
      ],
      [
        -0.05921644118105761,
        -0.9551568863707913,
        -0.29011848529920525
      ],
      [
        0.8424407182786466,
        0.10809547204063708,
        -0.5278342591291985
      ]
    ],
    "cameraId": 7,
    "width": 3754,
    "height": 1618,
    "model": "OPENCV",
    "params": [
      6606.2880859375,
      6606.2880859375,
      1967.9998779296875,
      2544,
      0,
      0,
      0,
      0
    ]
  },
  {
    "id": 8,
    "name": "12312008.jpg",
    "qw": 0.1146242349740076,
    "qx": 0.8686749316011242,
    "qy": -0.09637172754798981,
    "qz": 0.47220508054638893,
    "tx": 4.6750492760304425,
    "ty": -1.4568442229058127,
    "tz": 3.7850945078227776,
    "center": [
      -5.778422760156871,
      -0.5119408566743158,
      -2.157120353722891
    ],
    "rotation": [
      [
        0.5354697040711888,
        -0.2756836998890034,
        0.7982923610040519
      ],
      [
        -0.0591791154551255,
        -0.9551475497720789,
        -0.29015683769014083
      ],
      [
        0.8424785031772991,
        0.10812796021336812,
        -0.5277672933256037
      ]
    ],
    "cameraId": 8,
    "width": 3754,
    "height": 1618,
    "model": "OPENCV",
    "params": [
      6606.2880859375,
      6606.2880859375,
      1967.9998779296875,
      2544,
      0,
      0,
      0,
      0
    ]
  },
  {
    "id": 9,
    "name": "12312009.jpg",
    "qw": 0.11454212657134065,
    "qx": 0.8686957100240853,
    "qy": -0.09638900963326495,
    "qz": 0.4721832519776445,
    "tx": 4.6753246776560875,
    "ty": -1.4556034172556278,
    "tz": 3.7851722225668567,
    "center": [
      -5.778779378460431,
      -0.5103922903747433,
      -2.156427487611044
    ],
    "rotation": [
      [
        0.5355042707474693,
        -0.27563518594955616,
        0.7982859263934037
      ],
      [
        -0.059295690697993814,
        -0.9551785201248668,
        -0.29003105998619794
      ],
      [
        0.8424483349594021,
        0.10797795589203975,
        -0.5278461555846627
      ]
    ],
    "cameraId": 9,
    "width": 3754,
    "height": 1618,
    "model": "OPENCV",
    "params": [
      6606.2880859375,
      6606.2880859375,
      1967.9998779296875,
      2544,
      0,
      0,
      0,
      0
    ]
  },
  {
    "id": 10,
    "name": "12312010.jpg",
    "qw": 0.11447178769802642,
    "qx": 0.8686990689966924,
    "qy": -0.0963991696364,
    "qz": 0.4721920556711119,
    "tx": 4.675540809092424,
    "ty": -1.4550657492205699,
    "tz": 3.785314346994316,
    "center": [
      -5.77903463836398,
      -0.5095888423990599,
      -2.1562886536584465
    ],
    "rotation": [
      [
        0.5354837253090043,
        -0.2755890753293462,
        0.7983156277364903
      ],
      [
        -0.05937840033143339,
        -0.9552068198292611,
        -0.2899209149505251
      ],
      [
        0.8424555688600265,
        0.10784522664812526,
        -0.527861744764615
      ]
    ],
    "cameraId": 10,
    "width": 3754,
    "height": 1618,
    "model": "OPENCV",
    "params": [
      6606.2880859375,
      6606.2880859375,
      1967.9998779296875,
      2544,
      0,
      0,
      0,
      0
    ]
  },
  {
    "id": 11,
    "name": "12312011.jpg",
    "qw": 0.11448420590485225,
    "qx": 0.8686513165752622,
    "qy": -0.09652821144885498,
    "qz": 0.47225052800911105,
    "tx": 4.675151993168981,
    "ty": -1.4551390794447898,
    "tz": 3.7830278160694517,
    "center": [
      -5.776766148308706,
      -0.5078527801120937,
      -2.1579698279636714
    ],
    "rotation": [
      [
        0.535323486379202,
        -0.2758291692979469,
        0.7983401745466785
      ],
      [
        -0.059568262548865825,
        -0.955151341985641,
        -0.2900647100216404
      ],
      [
        0.8425439970872297,
        0.10772271472365287,
        -0.5277456107869025
      ]
    ],
    "cameraId": 11,
    "width": 3754,
    "height": 1618,
    "model": "OPENCV",
    "params": [
      6606.2880859375,
      6606.2880859375,
      1967.9998779296875,
      2544,
      0,
      0,
      0,
      0
    ]
  },
  {
    "id": 12,
    "name": "12312012.jpg",
    "qw": 0.11443319906550602,
    "qx": 0.8686439713293787,
    "qy": -0.09657562109574194,
    "qz": 0.4722667079466132,
    "tx": 4.673504874487534,
    "ty": -1.4537955119534332,
    "tz": 3.778576023710016,
    "center": [
      -5.772091250498834,
      -0.5058589119584007,
      -2.158674437356858
    ],
    "rotation": [
      [
        0.5352746119504801,
        -0.27586564248934514,
        0.7983603428873479
      ],
      [
        -0.059693681679481234,
        -0.9551563847232121,
        -0.290022318261944
      ],
      [
        0.8425661719822436,
        0.1075845156908019,
        -0.5277383990338056
      ]
    ],
    "cameraId": 12,
    "width": 3754,
    "height": 1618,
    "model": "OPENCV",
    "params": [
      6606.2880859375,
      6606.2880859375,
      1967.9998779296875,
      2544,
      0,
      0,
      0,
      0
    ]
  },
  {
    "id": 13,
    "name": "12312013.jpg",
    "qw": 0.11436712654333472,
    "qx": 0.8686132742881916,
    "qy": -0.09649394178073581,
    "qz": 0.47235586086782466,
    "tx": 4.671919681021317,
    "ty": -1.4519318362808984,
    "tz": 3.7761440210221955,
    "center": [
      -5.768645804386182,
      -0.5049974630533023,
      -2.1591448252651917
    ],
    "rotation": [
      [
        0.5351377198068645,
        -0.27567580246499074,
        0.7985176721746321
      ],
      [
        -0.05958787241156549,
        -0.9552181591316737,
        -0.2898405663922143
      ],
      [
        0.8426606115758424,
        0.10752265063873741,
        -0.5276002021400743
      ]
    ],
    "cameraId": 13,
    "width": 3754,
    "height": 1618,
    "model": "OPENCV",
    "params": [
      6606.2880859375,
      6606.2880859375,
      1967.9998779296875,
      2544,
      0,
      0,
      0,
      0
    ]
  },
  {
    "id": 14,
    "name": "12312014.jpg",
    "qw": 0.11452627797802697,
    "qx": 0.8685314156826078,
    "qy": -0.0967247524546713,
    "qz": 0.4724206112009163,
    "tx": 4.67073983923074,
    "ty": -1.4555434130651532,
    "tz": 3.774095958683232,
    "center": [
      -5.766283975941147,
      -0.5058485728538906,
      -2.1615512736434677
    ],
    "rotation": [
      [
        0.5349261767502705,
        -0.27622612084390197,
        0.7984692327139903
      ],
      [
        -0.05980782388011982,
        -0.9550561078301643,
        -0.2903288740360176
      ],
      [
        0.8427793362619084,
        0.107549807344445,
        -0.5274049955301046
      ]
    ],
    "cameraId": 14,
    "width": 3754,
    "height": 1618,
    "model": "OPENCV",
    "params": [
      6606.2880859375,
      6606.2880859375,
      1967.9998779296875,
      2544,
      0,
      0,
      0,
      0
    ]
  },
  {
    "id": 15,
    "name": "12312015.jpg",
    "qw": 0.11448608659291067,
    "qx": 0.8684047521705055,
    "qy": -0.09684655059968393,
    "qz": 0.4726381999175124,
    "tx": 4.670246873100131,
    "ty": -1.4533683685214425,
    "tz": 3.7688836704317517,
    "center": [
      -5.760660111783791,
      -0.5014112615147063,
      -2.1659527730070085
    ],
    "rotation": [
      [
        0.5344677552313529,
        -0.2764250053099212,
        0.7987073525750021
      ],
      [
        -0.0599830137784262,
        -0.9550273632271669,
        -0.290387281996685
      ],
      [
        0.8430576828877225,
        0.10729376462206545,
        -0.5270121359107482
      ]
    ],
    "cameraId": 15,
    "width": 3754,
    "height": 1618,
    "model": "OPENCV",
    "params": [
      6606.2880859375,
      6606.2880859375,
      1967.9998779296875,
      2544,
      0,
      0,
      0,
      0
    ]
  },
  {
    "id": 16,
    "name": "12312016.jpg",
    "qw": 0.11446610935078928,
    "qx": 0.8683193715932269,
    "qy": -0.09697864492155558,
    "qz": 0.4727728007777261,
    "tx": 4.668225091563036,
    "ty": -1.4526874247879444,
    "tz": 3.7649148557384624,
    "center": [
      -5.755732991806424,
      -0.49901088237642016,
      -2.1678874502374184
    ],
    "rotation": [
      [
        0.5341620425479268,
        -0.2766497982562999,
        0.7988340262068058
      ],
      [
        -0.06018394580869145,
        -0.9549853044785439,
        -0.29048401143078273
      ],
      [
        0.8432370989039343,
        0.107088549130013,
        -0.5267667773097553
      ]
    ],
    "cameraId": 16,
    "width": 3754,
    "height": 1618,
    "model": "OPENCV",
    "params": [
      6606.2880859375,
      6606.2880859375,
      1967.9998779296875,
      2544,
      0,
      0,
      0,
      0
    ]
  },
  {
    "id": 17,
    "name": "12312017.jpg",
    "qw": 0.11454139042743226,
    "qx": 0.8682774206719487,
    "qy": -0.09714236536481924,
    "qz": 0.4727980028315964,
    "tx": 4.663782167567918,
    "ty": -1.453131570747387,
    "tz": 3.757887445820785,
    "center": [
      -5.7474426865996335,
      -0.4979772699709484,
      -2.168661966911719
    ],
    "rotation": [
      [
        0.5340508187395634,
        -0.27700292614516275,
        0.7987860175983423
      ],
      [
        -0.06038316360258636,
        -0.9548872614605568,
        -0.2907648387506666
      ],
      [
        0.8432933039915265,
        0.10704997341137147,
        -0.5266846367948084
      ]
    ],
    "cameraId": 17,
    "width": 3754,
    "height": 1618,
    "model": "OPENCV",
    "params": [
      6606.2880859375,
      6606.2880859375,
      1967.9998779296875,
      2544,
      0,
      0,
      0,
      0
    ]
  },
  {
    "id": 18,
    "name": "12312018.jpg",
    "qw": 0.11459036558871827,
    "qx": 0.8681040954449856,
    "qy": -0.09708395399198959,
    "qz": 0.47311630014529027,
    "tx": 4.662721299737218,
    "ty": -1.4515650679001713,
    "tz": 3.7520066843152335,
    "center": [
      -5.740195214407693,
      -0.49636534677471245,
      -2.1747058577034255
    ],
    "rotation": [
      [
        0.5334713448282258,
        -0.2769870957241386,
        0.7991786239943303
      ],
      [
        -0.060128816525616274,
        -0.9548875079830499,
        -0.29081673356454035
      ],
      [
        0.8436781671172918,
        0.10708872909987756,
        -0.5260600293021507
      ]
    ],
    "cameraId": 18,
    "width": 3754,
    "height": 1618,
    "model": "OPENCV",
    "params": [
      6606.2880859375,
      6606.2880859375,
      1967.9998779296875,
      2544,
      0,
      0,
      0,
      0
    ]
  },
  {
    "id": 19,
    "name": "12312019.jpg",
    "qw": 0.11451423340154947,
    "qx": 0.867978848673616,
    "qy": -0.09734185197162382,
    "qz": 0.473311496224647,
    "tx": 4.661307013946139,
    "ty": -1.451253695307594,
    "tz": 3.7456477165929156,
    "center": [
      -5.733512669548144,
      -0.4921788294115918,
      -2.1790800011094356
    ],
    "rotation": [
      [
        0.5330015827926409,
        -0.2773831435047869,
        0.7993546800012761
      ],
      [
        -0.06057953090356352,
        -0.9548221084063799,
        -0.290937900133172
      ],
      [
        0.8439427902269465,
        0.10664582972530254,
        -0.5257254357800827
      ]
    ],
    "cameraId": 19,
    "width": 3754,
    "height": 1618,
    "model": "OPENCV",
    "params": [
      6606.2880859375,
      6606.2880859375,
      1967.9998779296875,
      2544,
      0,
      0,
      0,
      0
    ]
  },
  {
    "id": 20,
    "name": "12312020.jpg",
    "qw": 0.11453241055793495,
    "qx": 0.8678818541991717,
    "qy": -0.09751497949244066,
    "qz": 0.473449303366459,
    "tx": 4.657548708231709,
    "ty": -1.449558527412412,
    "tz": 3.7386118409507967,
    "center": [
      -5.724989362913428,
      -0.48852538594139233,
      -2.1810635325595915
    ],
    "rotation": [
      [
        0.532673171832807,
        -0.2777135424112584,
        0.7994588672164236
      ],
      [
        -0.06081238244511607,
        -0.9547463114127555,
        -0.2911379998988239
      ],
      [
        0.8441333698835309,
        0.10646440346486162,
        -0.5254561681472072
      ]
    ],
    "cameraId": 20,
    "width": 3754,
    "height": 1618,
    "model": "OPENCV",
    "params": [
      6606.2880859375,
      6606.2880859375,
      1967.9998779296875,
      2544,
      0,
      0,
      0,
      0
    ]
  },
  {
    "id": 21,
    "name": "12312021.jpg",
    "qw": 0.11436656838447937,
    "qx": 0.8677240523397625,
    "qy": -0.09762691009238918,
    "qz": 0.4737554679925414,
    "tx": 4.6558875870308425,
    "ty": -1.4460453566375189,
    "tz": 3.7288699936654206,
    "center": [
      -5.714524813302641,
      -0.48245982837846263,
      -2.187292046876366
    ],
    "rotation": [
      [
        0.5320494859459612,
        -0.2777900103409352,
        0.799847519630724
      ],
      [
        -0.06106286183017516,
        -0.9547785489235416,
        -0.2909798093005172
      ],
      [
        0.8445085383877107,
        0.10597467938257478,
        -0.5249520891662525
      ]
    ],
    "cameraId": 21,
    "width": 3754,
    "height": 1618,
    "model": "OPENCV",
    "params": [
      6606.2880859375,
      6606.2880859375,
      1967.9998779296875,
      2544,
      0,
      0,
      0,
      0
    ]
  },
  {
    "id": 22,
    "name": "12312022.jpg",
    "qw": 0.11434279228453605,
    "qx": 0.8676367467239298,
    "qy": -0.09769110256652708,
    "qz": 0.4739078497621949,
    "tx": 4.651437536905163,
    "ty": -1.4432218132081256,
    "tz": 3.7191221328742436,
    "center": [
      -5.7031240452863265,
      -0.4788858369367077,
      -2.1899028015744286
    ],
    "rotation": [
      [
        0.5317355968262183,
        -0.27789667448413014,
        0.8000191831315839
      ],
      [
        -0.06114488717465105,
        -0.9547643486638235,
        -0.2910091773345716
      ],
      [
        0.8447002769268308,
        0.10582285590176804,
        -0.5246741515726967
      ]
    ],
    "cameraId": 22,
    "width": 3754,
    "height": 1618,
    "model": "OPENCV",
    "params": [
      6606.2880859375,
      6606.2880859375,
      1967.9998779296875,
      2544,
      0,
      0,
      0,
      0
    ]
  },
  {
    "id": 23,
    "name": "12312023.jpg",
    "qw": 0.11446198335785196,
    "qx": 0.8676173725398175,
    "qy": -0.09788610800617398,
    "qz": 0.47387430727176366,
    "tx": 4.644826016301362,
    "ty": -1.4436798949023817,
    "tz": 3.7120978330329466,
    "center": [
      -5.69394305237388,
      -0.4782747004705457,
      -2.188277064239413
    ],
    "rotation": [
      [
        0.5317229015342195,
        -0.2783365618182394,
        0.7998746866473723
      ],
      [
        -0.061374189527622455,
        -0.9546335284503806,
        -0.29138983375918115
      ],
      [
        0.8446916389096426,
        0.1058469872673622,
        -0.5246831905469858
      ]
    ],
    "cameraId": 23,
    "width": 3754,
    "height": 1618,
    "model": "OPENCV",
    "params": [
      6606.2880859375,
      6606.2880859375,
      1967.9998779296875,
      2544,
      0,
      0,
      0,
      0
    ]
  },
  {
    "id": 24,
    "name": "12312024.jpg",
    "qw": 0.11443669455037847,
    "qx": 0.8674830590030447,
    "qy": -0.09783109638294972,
    "qz": 0.47413759802784405,
    "tx": 4.64120351505031,
    "ty": -1.4404715284225955,
    "tz": 3.698898506970974,
    "center": [
      -5.679379923123397,
      -0.47499359134425123,
      -2.19467611145434
    ],
    "rotation": [
      [
        0.5312452294337932,
        -0.27825111647253087,
        0.8002217332624917
      ],
      [
        -0.0612161585510808,
        -0.9546666390417866,
        -0.2913145898044033
      ],
      [
        0.8450036024397087,
        0.10577298559863417,
        -0.5241955621535397
      ]
    ],
    "cameraId": 24,
    "width": 3754,
    "height": 1618,
    "model": "OPENCV",
    "params": [
      6606.2880859375,
      6606.2880859375,
      1967.9998779296875,
      2544,
      0,
      0,
      0,
      0
    ]
  },
  {
    "id": 25,
    "name": "12312025.jpg",
    "qw": 0.1144686724343971,
    "qx": 0.8674948985855673,
    "qy": -0.09799886262619915,
    "qz": 0.47407356695252945,
    "tx": 4.63382848100675,
    "ty": -1.4397924185469053,
    "tz": 3.6885991760196957,
    "center": [
      -5.667171886792451,
      -0.47343432309871536,
      -2.193206608709949
    ],
    "rotation": [
      [
        0.5313009520817538,
        -0.2785601704814218,
        0.8000772023613616
      ],
      [
        -0.06149388310024052,
        -0.9545862919101562,
        -0.29151931949439
      ],
      [
        0.8449484011809691,
        0.10568463804441734,
        -0.5243023522960246
      ]
    ],
    "cameraId": 25,
    "width": 3754,
    "height": 1618,
    "model": "OPENCV",
    "params": [
      6606.2880859375,
      6606.2880859375,
      1967.9998779296875,
      2544,
      0,
      0,
      0,
      0
    ]
  },
  {
    "id": 26,
    "name": "12312026.jpg",
    "qw": 0.11444276260730495,
    "qx": 0.8673566647429289,
    "qy": -0.09806738866345868,
    "qz": 0.4743185190286803,
    "tx": 4.630104570678997,
    "ty": -1.4357631686098349,
    "tz": 3.6726835731058136,
    "center": [
      -5.650426810562071,
      -0.4676546343237964,
      -2.2004237867731735
    ],
    "rotation": [
      [
        0.5308094595743392,
        -0.2786834496492675,
        0.8003604516203822
      ],
      [
        -0.061554162955476666,
        -0.9545712827350763,
        -0.291555742869801
      ],
      [
        0.8452528631417042,
        0.10549502864635418,
        -0.523849593186495
      ]
    ],
    "cameraId": 26,
    "width": 3754,
    "height": 1618,
    "model": "OPENCV",
    "params": [
      6606.2880859375,
      6606.2880859375,
      1967.9998779296875,
      2544,
      0,
      0,
      0,
      0
    ]
  },
  {
    "id": 27,
    "name": "12312027.jpg",
    "qw": 0.11459439935956826,
    "qx": 0.8672773859521963,
    "qy": -0.09823246207739926,
    "qz": 0.474392709519821,
    "tx": 4.624885614897266,
    "ty": -1.4357613588447151,
    "tz": 3.6609565519746994,
    "center": [
      -5.637394359550957,
      -0.4659510113285147,
      -2.2036912206175243
    ],
    "rotation": [
      [
        0.5306038810973102,
        -0.27911508106823424,
        0.8003463580755176
      ],
      [
        -0.061664090636306096,
        -0.9544370140592642,
        -0.2919717899380578
      ],
      [
        0.8453739180330021,
        0.1055687345472558,
        -0.523639361579725
      ]
    ],
    "cameraId": 27,
    "width": 3754,
    "height": 1618,
    "model": "OPENCV",
    "params": [
      6606.2880859375,
      6606.2880859375,
      1967.9998779296875,
      2544,
      0,
      0,
      0,
      0
    ]
  },
  {
    "id": 28,
    "name": "12312028.jpg",
    "qw": 0.1144691359273797,
    "qx": 0.86726251696072,
    "qy": -0.09811992177694684,
    "qz": 0.47447341816531907,
    "tx": 4.619266812423675,
    "ty": -1.4312974271609114,
    "tz": 3.6448558027903104,
    "center": [
      -5.620158533781678,
      -0.46261036191075156,
      -2.207039134384392
    ],
    "rotation": [
      [
        0.5304949128100083,
        -0.2788165850443165,
        0.8005226164118833
      ],
      [
        -0.061566336252738996,
        -0.9545385957410497,
        -0.2916601712286396
      ],
      [
        0.8454494270641599,
        0.1054389925261528,
        -0.5235435847491146
      ]
    ],
    "cameraId": 28,
    "width": 3754,
    "height": 1618,
    "model": "OPENCV",
    "params": [
      6606.2880859375,
      6606.2880859375,
      1967.9998779296875,
      2544,
      0,
      0,
      0,
      0
    ]
  },
  {
    "id": 29,
    "name": "12312029.jpg",
    "qw": 0.11440951431862091,
    "qx": 0.8674996155376441,
    "qy": -0.0982543336028905,
    "qz": 0.47402633471534994,
    "tx": 4.605677182751451,
    "ty": -1.4274916038270031,
    "tz": 3.6277802658569938,
    "center": [
      -5.600638952917418,
      -0.46005078095567514,
      -2.198176709471179
    ],
    "rotation": [
      [
        0.5312902398491659,
        -0.27893743870886833,
        0.7999528650661565
      ],
      [
        -0.06200494779279145,
        -0.9545130979232586,
        -0.2916507026258593
      ],
      [
        0.8449177874149822,
        0.1053501361151496,
        -0.5244189940594168
      ]
    ],
    "cameraId": 29,
    "width": 3754,
    "height": 1618,
    "model": "OPENCV",
    "params": [
      6606.2880859375,
      6606.2880859375,
      1967.9998779296875,
      2544,
      0,
      0,
      0,
      0
    ]
  },
  {
    "id": 30,
    "name": "12312030.jpg",
    "qw": 0.11423519871919188,
    "qx": 0.8675380102156113,
    "qy": -0.09835209229615707,
    "qz": 0.4739778329686874,
    "tx": 4.599109437205184,
    "ty": -1.4222176159299917,
    "tz": 3.612061105498224,
    "center": [
      -5.584074522108441,
      -0.4538865391659155,
      -2.1985437756405517
    ],
    "rotation": [
      [
        0.5313437595905506,
        -0.2789382607776404,
        0.7999170305841252
      ],
      [
        -0.06235845302696062,
        -0.95455437062911,
        -0.29144017713580306
      ],
      [
        0.8448581138157245,
        0.10497333083792762,
        -0.5245906664557878
      ]
    ],
    "cameraId": 30,
    "width": 3754,
    "height": 1618,
    "model": "OPENCV",
    "params": [
      6606.2880859375,
      6606.2880859375,
      1967.9998779296875,
      2544,
      0,
      0,
      0,
      0
    ]
  },
  {
    "id": 31,
    "name": "12312031.jpg",
    "qw": 0.11420747502262914,
    "qx": 0.8677064819311852,
    "qy": -0.09832999398250579,
    "qz": 0.4736806161824249,
    "tx": 4.588837717578209,
    "ty": -1.4178265417097267,
    "tz": 3.593709309979464,
    "center": [
      -5.564271803976803,
      -0.451370830331151,
      -2.194892701312055
    ],
    "rotation": [
      [
        0.5319157722728773,
        -0.27883888057646516,
        0.7995714413898313
      ],
      [
        -0.06244741201103367,
        -0.9545757298647117,
        -0.2913511570019534
      ],
      [
        0.8444915227167605,
        0.1050431084465635,
        -0.5251666530039876
      ]
    ],
    "cameraId": 31,
    "width": 3754,
    "height": 1618,
    "model": "OPENCV",
    "params": [
      6606.2880859375,
      6606.2880859375,
      1967.9998779296875,
      2544,
      0,
      0,
      0,
      0
    ]
  },
  {
    "id": 32,
    "name": "12312032.jpg",
    "qw": 0.11407362083022099,
    "qx": 0.8678371498460294,
    "qy": -0.0982231703675729,
    "qz": 0.4734956168548405,
    "tx": 4.579349554150483,
    "ty": -1.4118153034766632,
    "tz": 3.576135912390943,
    "center": [
      -5.544932316007472,
      -0.44785105874406744,
      -2.1921605539282853
    ],
    "rotation": [
      [
        0.5323082192443938,
        -0.2785101513650122,
        0.7994248278052792
      ],
      [
        -0.06245671351752956,
        -0.9546788356672513,
        -0.2910111332330953
      ],
      [
        0.84424351857829,
        0.10497817066256725,
        -0.5255782196998742
      ]
    ],
    "cameraId": 32,
    "width": 3754,
    "height": 1618,
    "model": "OPENCV",
    "params": [
      6606.2880859375,
      6606.2880859375,
      1967.9998779296875,
      2544,
      0,
      0,
      0,
      0
    ]
  },
  {
    "id": 33,
    "name": "12312033.jpg",
    "qw": 0.11409045841909596,
    "qx": 0.8680198815124254,
    "qy": -0.09810028463917422,
    "qz": 0.4731819805852591,
    "tx": 4.568236442677198,
    "ty": -1.40848826755854,
    "tz": 3.55217203493803,
    "center": [
      -5.51993187498617,
      -0.44725992128359016,
      -2.191086538723405
    ],
    "rotation": [
      [
        0.5329502948062489,
        -0.2782770930589184,
        0.7990781205518084
      ],
      [
        -0.06233489673640648,
        -0.9547194029028672,
        -0.2909041463603682
      ],
      [
        0.8438473463339172,
        0.10522699843419966,
        -0.5261643610942641
      ]
    ],
    "cameraId": 33,
    "width": 3754,
    "height": 1618,
    "model": "OPENCV",
    "params": [
      6606.2880859375,
      6606.2880859375,
      1967.9998779296875,
      2544,
      0,
      0,
      0,
      0
    ]
  },
  {
    "id": 34,
    "name": "12312034.jpg",
    "qw": 0.1140144146698916,
    "qx": 0.8682218729362308,
    "qy": -0.0980561484621185,
    "qz": 0.47283875089861294,
    "tx": 4.557585500437621,
    "ty": -1.4036786925644293,
    "tz": 3.5313536744620526,
    "center": [
      -5.4980678236077285,
      -0.44444941590595965,
      -2.187709570213901
    ],
    "rotation": [
      [
        0.5336170147948289,
        -0.27808985257528335,
        0.7986982630606584
      ],
      [
        -0.062448118907491204,
        -0.954771409992514,
        -0.2907091108063568
      ],
      [
        0.843417520547428,
        0.10525012377932857,
        -0.526848457792243
      ]
    ],
    "cameraId": 34,
    "width": 3754,
    "height": 1618,
    "model": "OPENCV",
    "params": [
      6606.2880859375,
      6606.2880859375,
      1967.9998779296875,
      2544,
      0,
      0,
      0,
      0
    ]
  },
  {
    "id": 35,
    "name": "12312035.jpg",
    "qw": 0.11397156109985537,
    "qx": 0.8684778669680656,
    "qy": -0.09818541824249181,
    "qz": 0.47235188312486676,
    "tx": 4.546186023153689,
    "ty": -1.399218760420036,
    "tz": 3.5075332322964057,
    "center": [
      -5.47412248005481,
      -0.4401004948467562,
      -2.183736362312822
    ],
    "rotation": [
      [
        0.5344866443058784,
        -0.2782130882216084,
        0.7980736210405887
      ],
      [
        -0.0628743621888184,
        -0.9547402138100176,
        -0.2907196909625332
      ],
      [
        0.8428350026179446,
        0.10520742215355859,
        -0.5277883635377081
      ]
    ],
    "cameraId": 35,
    "width": 3754,
    "height": 1618,
    "model": "OPENCV",
    "params": [
      6606.2880859375,
      6606.2880859375,
      1967.9998779296875,
      2544,
      0,
      0,
      0,
      0
    ]
  },
  {
    "id": 36,
    "name": "12312036.jpg",
    "qw": 0.11359432668100528,
    "qx": 0.8687996984987961,
    "qy": -0.09796331854400599,
    "qz": 0.4718968118711288,
    "tx": 4.533901086513137,
    "ty": -1.3893529996172762,
    "tz": 3.487358636395924,
    "center": [
      -5.452282469940831,
      -0.43489644159778323,
      -2.1752498779995966
    ],
    "rotation": [
      [
        0.5354331743314201,
        -0.27743060444477563,
        0.7977114613334733
      ],
      [
        -0.06301140201512007,
        -0.9549990343314692,
        -0.2898385889457268
      ],
      [
        0.8422237701712461,
        0.10492427814079774,
        -0.5288194557835069
      ]
    ],
    "cameraId": 36,
    "width": 3754,
    "height": 1618,
    "model": "OPENCV",
    "params": [
      6606.2880859375,
      6606.2880859375,
      1967.9998779296875,
      2544,
      0,
      0,
      0,
      0
    ]
  },
  {
    "id": 37,
    "name": "12312037.jpg",
    "qw": 0.11352495828945063,
    "qx": 0.8691928530637247,
    "qy": -0.09778948169360772,
    "qz": 0.4712250898439262,
    "tx": 4.5194180449270265,
    "ty": -1.383397455730103,
    "tz": 3.4604671626334413,
    "center": [
      -5.424587341545907,
      -0.43346005385499786,
      -2.167885034924322
    ],
    "rotation": [
      [
        0.5367682639433585,
        -0.2769874545247283,
        0.7969678668924768
      ],
      [
        -0.06300421984683088,
        -0.955098602230948,
        -0.2895118793728184
      ],
      [
        0.841374054214132,
        0.10518845018537332,
        -0.5301179970939243
      ]
    ],
    "cameraId": 37,
    "width": 3754,
    "height": 1618,
    "model": "OPENCV",
    "params": [
      6606.2880859375,
      6606.2880859375,
      1967.9998779296875,
      2544,
      0,
      0,
      0,
      0
    ]
  },
  {
    "id": 38,
    "name": "12312038.jpg",
    "qw": 0.1135386097706591,
    "qx": 0.869611500519564,
    "qy": -0.09751668517245785,
    "qz": 0.4705053861205352,
    "tx": 4.50484016806161,
    "ty": -1.3782639933426233,
    "tz": 3.4316656884936485,
    "center": [
      -5.395314148981685,
      -0.433922099309897,
      -2.1614399871935444
    ],
    "rotation": [
      [
        0.5382303554890836,
        -0.27644431669649544,
        0.7961699719257832
      ],
      [
        -0.0627622069775645,
        -0.9551989604086433,
        -0.2892332128396601
      ],
      [
        0.8404576073814788,
        0.10570471039861229,
        -0.5314673314458238
      ]
    ],
    "cameraId": 38,
    "width": 3754,
    "height": 1618,
    "model": "OPENCV",
    "params": [
      6606.2880859375,
      6606.2880859375,
      1967.9998779296875,
      2544,
      0,
      0,
      0,
      0
    ]
  },
  {
    "id": 39,
    "name": "12312039.jpg",
    "qw": 0.11342993835984556,
    "qx": 0.8700760491739372,
    "qy": -0.09742590273875505,
    "qz": 0.4696908677131085,
    "tx": 4.4902172130227225,
    "ty": -1.3716856568269404,
    "tz": 3.4037457220794787,
    "center": [
      -5.367424009927893,
      -0.4309836307218539,
      -2.1526889486277465
    ],
    "rotation": [
      [
        0.5397973645248917,
        -0.2760899014300411,
        0.795231520741181
      ],
      [
        -0.06298187673851997,
        -0.9552836851184408,
        -0.28890545884255286
      ],
      [
        0.8394355773104182,
        0.10586523166215778,
        -0.5330482757411779
      ]
    ],
    "cameraId": 39,
    "width": 3754,
    "height": 1618,
    "model": "OPENCV",
    "params": [
      6606.2880859375,
      6606.2880859375,
      1967.9998779296875,
      2544,
      0,
      0,
      0,
      0
    ]
  },
  {
    "id": 40,
    "name": "12312040.jpg",
    "qw": 0.11308416751734593,
    "qx": 0.8705794570166163,
    "qy": -0.09696240055982705,
    "qz": 0.4689367472860685,
    "tx": 4.4752321995326145,
    "ty": -1.3608422577924533,
    "tz": 3.375572738477846,
    "center": [
      -5.338436793708931,
      -0.4279443964793995,
      -2.1429051299995985
    ],
    "rotation": [
      [
        0.5413932398448751,
        -0.27488559143107794,
        0.7945635729593046
      ],
      [
        -0.06276830469052962,
        -0.9556205278691692,
        -0.28783597176400255
      ],
      [
        0.8384232223504704,
        0.10595904085370586,
        -0.5346205962033417
      ]
    ],
    "cameraId": 40,
    "width": 3754,
    "height": 1618,
    "model": "OPENCV",
    "params": [
      6606.2880859375,
      6606.2880859375,
      1967.9998779296875,
      2544,
      0,
      0,
      0,
      0
    ]
  },
  {
    "id": 41,
    "name": "12312041.jpg",
    "qw": 0.11286825839788002,
    "qx": 0.8711918457389004,
    "qy": -0.0967211044661603,
    "qz": 0.4679001518648219,
    "tx": 4.457966767696736,
    "ty": -1.3536029906773055,
    "tz": 3.346323088167285,
    "center": [
      -5.308924654764117,
      -0.4268553697150258,
      -2.1299531619365757
    ],
    "rotation": [
      [
        0.5434289516714454,
        -0.27414742553373045,
        0.7934281086264221
      ],
      [
        -0.06290312455338633,
        -0.955811568394151,
        -0.2871714516544679
      ],
      [
        0.8370950790720819,
        0.10614817378146907,
        -0.536660408262212
      ]
    ],
    "cameraId": 41,
    "width": 3754,
    "height": 1618,
    "model": "OPENCV",
    "params": [
      6606.2880859375,
      6606.2880859375,
      1967.9998779296875,
      2544,
      0,
      0,
      0,
      0
    ]
  },
  {
    "id": 42,
    "name": "12312042.jpg",
    "qw": 0.11286279850015592,
    "qx": 0.871770094740761,
    "qy": -0.09638732992316422,
    "qz": 0.46689225016129887,
    "tx": 4.440264566329352,
    "ty": -1.3465185989959245,
    "tz": 3.3114419569255222,
    "center": [
      -5.273999654982646,
      -0.4266100360392168,
      -2.120764274246958
    ],
    "rotation": [
      [
        0.5454422187392044,
        -0.27344471538032983,
        0.7922883147235129
      ],
      [
        -0.06266565157537357,
        -0.9559429426899924,
        -0.28678581979210793
      ],
      [
        0.8358024899038574,
        0.1067758303726454,
        -0.5385472309080643
      ]
    ],
    "cameraId": 42,
    "width": 3754,
    "height": 1618,
    "model": "OPENCV",
    "params": [
      6606.2880859375,
      6606.2880859375,
      1967.9998779296875,
      2544,
      0,
      0,
      0,
      0
    ]
  },
  {
    "id": 43,
    "name": "12312043.jpg",
    "qw": 0.11261732643232711,
    "qx": 0.8724604674142206,
    "qy": -0.09605503050340974,
    "qz": 0.4657290002797587,
    "tx": 4.4223722859496055,
    "ty": -1.3370731125985258,
    "tz": 3.2778982165307324,
    "center": [
      -5.2408923533980545,
      -0.4242150873779249,
      -2.107806148970808
    ],
    "rotation": [
      [
        0.5477398588268111,
        -0.27250674332799807,
        0.7910253610935326
      ],
      [
