export interface RawCamera {
  id: number;
  img_name: string;
  width: number;
  height: number;
  position: number[];
  rotation: number[][];
  fy: number;
  fx: number;
}

export type RawCameras = {
  [key: string]: RawCamera[];
};

export const RAW_CAMERAS: RawCameras = {
  '5c4ca143-0': [
    {
      id: 0,
      img_name: '12312000',
      width: 3754,
      height: 1618,
      position: [-5.778730939160159, -0.508552269960483, -2.155547329402595],
      rotation: [
        [0.5350319243381176, -0.05915012707336713, 0.8427586264205518],
        [-0.2757796570449516, -0.9551293653249354, 0.10804386263992288],
        [0.7985527037705271, -0.2902226007070955, -0.5273371040801038],
      ],
      fy: 6606.288093186245,
      fx: 6606.288093186245,
    },
    {
      id: 1,
      img_name: '12312001',
      width: 3754,
      height: 1618,
      position: [-5.777954244364874, -0.5079972707736222, -2.156431626840044],
      rotation: [
        [0.534932517843733, -0.058902981140637994, 0.842839035739393],
        [-0.2753126267395126, -0.9552719069554155, 0.10797472546644381],
        [0.7987804197094179, -0.2898034206052608, -0.5272227408736617],
      ],
      fy: 6606.288093186245,
      fx: 6606.288093186245,
    },
    {
      id: 2,
      img_name: '12312002',
      width: 3754,
      height: 1618,
      position: [-5.7791740972598395, -0.5106463865465813, -2.1543298324462214],
      rotation: [
        [0.5351611315027449, -0.05897552994587094, 0.8426888216870481],
        [-0.27549228333655895, -0.955205356782085, 0.10810517192447257],
        [0.798565316771716, -0.29000795375715865, -0.5274360829587557],
      ],
      fy: 6606.288093186245,
      fx: 6606.288093186245,
    },
    {
      id: 3,
      img_name: '12312003',
      width: 3754,
      height: 1618,
      position: [-5.778870653910243, -0.5111573164174663, -2.152848531981786],
      rotation: [
        [0.5353721679747397, -0.0591686210355324, 0.8425412251295368],
        [-0.2757701258295326, -0.9551193360153507, 0.10815679206392748],
        [0.7983279272692337, -0.2902518359189988, -0.5276612476652611],
      ],
      fy: 6606.288093186245,
      fx: 6606.288093186245,
    },
    {
      id: 4,
      img_name: '12312004',
      width: 3754,
      height: 1618,
      position: [-5.776890402284998, -0.5110670845124252, -2.1543823705310188],
      rotation: [
        [0.5354679763608898, -0.05925180274389719, 0.8424744922925393],
        [-0.27591298436398276, -0.9550735871025272, 0.10819643376041677],
        [0.7982143016454503, -0.2903853768541211, -0.5277596626855411],
      ],
      fy: 6606.288093186245,
      fx: 6606.288093186245,
    },
    {
      id: 5,
      img_name: '12312005',
      width: 3754,
      height: 1618,
      position: [-5.780418890830823, -0.5131926920959323, -2.151785540063092],
      rotation: [
        [0.535560927713904, -0.059109967062021665, 0.842425370285196],
        [-0.2756965675891596, -0.9551297328414593, 0.10825246446044239],
        [0.7982267192507267, -0.29022957333140625, -0.527826580837013],
      ],
      fy: 6606.288093186245,
      fx: 6606.288093186245,
    },
    {
      id: 6,
      img_name: '12312006',
      width: 3754,
      height: 1618,
      position: [-5.776915008127569, -0.510369747265006, -2.1539649875047124],
      rotation: [
        [0.5355539658761622, -0.059232265282602885, 0.8424212060387639],
        [-0.27565559167505177, -0.9551606561455406, 0.10808383658020891],
        [0.798245541429823, -0.29010284331786806, -0.5278677825803512],
      ],
      fy: 6606.288093186245,
      fx: 6606.288093186245,
    },
    {
      id: 7,
      img_name: '12312007',
      width: 3754,
      height: 1618,
      position: [-5.779792513981366, -0.5105060038982867, -2.1542802894854702],
      rotation: [
        [0.5355249962908952, -0.05921644597801535, 0.8424407343388431],
        [-0.2756640919431338, -0.955156888028318, 0.10809545626540679],
        [0.7982620414129712, -0.2901184788630187, -0.5278342367272173],
      ],
      fy: 6606.288093186245,
      fx: 6606.288093186245,
    },
    {
      id: 8,
      img_name: '12312008',
      width: 3754,
      height: 1618,
      position: [-5.778422795981971, -0.5119409131196035, -2.1571202119155752],
      rotation: [
        [0.5354697116196013, -0.059179116506767736, 0.8424784983057427],
        [-0.2756837059312118, -0.9551475473587471, 0.10812796612626768],
        [0.7982923538541843, -0.29015684541993586, -0.5277672998906786],
      ],
      fy: 6606.288093186245,
      fx: 6606.288093186245,
    },
    {
      id: 9,
      img_name: '12312009',
      width: 3754,
      height: 1618,
      position: [-5.778779679008855, -0.5103922368065149, -2.1564277071200046],
      rotation: [
        [0.5355042535640447, -0.059295694483419814, 0.8424483456156492],
        [-0.27563518805220477, -0.9551785206463024, 0.1079779459119675],
        [0.7982859371943372, -0.29003105749500524, -0.5278461406187303],
      ],
      fy: 6606.288093186245,
      fx: 6606.288093186245,
    },
    {
      id: 10,
      img_name: '12312010',
      width: 3754,
      height: 1618,
      position: [-5.77903463613895, -0.5095887520264429, -2.1562888575860435],
      rotation: [
        [0.5354837104880746, -0.059378413724291396, 0.8424555773365803],
        [-0.2755890902874291, -0.9552068168004806, 0.1078452152505659],
        [0.7983156325141524, -0.2899209221865172, -0.527861733564812],
      ],
      fy: 6606.288093186245,
      fx: 6606.288093186245,
    },
    {
      id: 11,
      img_name: '12312011',
      width: 3754,
      height: 1618,
      position: [-5.776766318623512, -0.5078527185736786, -2.1579699254320226],
      rotation: [
        [0.5353234830554999, -0.059568263995861626, 0.8425439990966925],
        [-0.2758291634866744, -0.9551513444364814, 0.10772270787268531],
        [0.798340178783186, -0.29006470165413406, -0.5277456089772127],
      ],
      fy: 6606.288093186245,
      fx: 6606.288093186245,
    },
    {
      id: 12,
      img_name: '12312012',
      width: 3754,
      height: 1618,
      position: [-5.772091576318472, -0.5058589237896337, -2.158674527967216],
      rotation: [
        [0.5352746035184992, -0.05969368438789377, 0.8425661771471199],
        [-0.2758656468940785, -0.9551563838600401, 0.10758451205969922],
        [0.7983603470187037, -0.29002232054724764, -0.527738391528004],
      ],
      fy: 6606.288093186245,
      fx: 6606.288093186245,
    },
    {
      id: 13,
      img_name: '12312013',
      width: 3754,
      height: 1618,
      position: [-5.768645916687267, -0.5049973726813435, -2.1591450277489526],
      rotation: [
        [0.5351376949143514, -0.05958788244447278, 0.8426606266745457],
        [-0.27567581407380093, -0.9552181573510723, 0.10752263669371999],
        [0.7985176848489342, -0.2898405701978352, -0.5276001808670012],
      ],
      fy: 6606.288093186245,
      fx: 6606.288093186245,
    },
    {
      id: 14,
      img_name: '12312014',
      width: 3754,
      height: 1618,
      position: [-5.766283772705113, -0.5058485435945631, -2.1615513858272632],
      rotation: [
        [0.5349261710724794, -0.05980783095079157, 0.8427793393639273],
        [-0.2762261275113064, -0.955056106571617, 0.10754980139624042],
        [0.7984692342112149, -0.2903288767195313, -0.5274049917861329],
      ],
      fy: 6606.288093186245,
      fx: 6606.288093186245,
    },
    {
      id: 15,
      img_name: '12312015',
      width: 3754,
      height: 1618,
      position: [-5.760660086029742, -0.5014112241667317, -2.1659530098140003],
      rotation: [
        [0.5344677556145694, -0.05998302705516386, 0.8430576817001458],
        [-0.2764250149481404, -0.9550273613949483, 0.10729375609942418],
        [0.7987073489828709, -0.2903872852800237, -0.5270121395456204],
      ],
      fy: 6606.288093186245,
      fx: 6606.288093186245,
    },
    {
      id: 16,
      img_name: '12312016',
      width: 3754,
      height: 1618,
      position: [-5.75573320687493, -0.4990108930323519, -2.1678874110631465],
      rotation: [
        [0.5341620520196956, -0.06018394674282101, 0.8432370928372196],
        [-0.27664979833757336, -0.9549853041302107, 0.10708855202639413],
        [0.7988340198451043, -0.290484012382415, -0.5267667864324073],
      ],
      fy: 6606.288093186245,
      fx: 6606.288093186245,
    },
    {
      id: 17,
      img_name: '12312017',
      width: 3754,
      height: 1618,
      position: [-5.747442712690242, -0.49797724753873635, -2.168662179452659],
      rotation: [
        [0.5340507968376086, -0.06038316321111412, 0.8432933178898878],
        [-0.27700293205943216, -0.9548872602700695, 0.10704996872675335],
        [0.7987860301905593, -0.2907648427415894, -0.5266846154938137],
      ],
      fy: 6606.288093186245,
      fx: 6606.288093186245,
    },
    {
      id: 18,
      img_name: '12312018',
      width: 3754,
      height: 1618,
      position: [-5.740195485397357, -0.4963652355019681, -2.1747061809210395],
      rotation: [
        [0.5334713223062801, -0.06012883121793125, 0.8436781803111628],
        [-0.27698711199526427, -0.9548875049672592, 0.10708871390546279],
        [0.7991786333888763, -0.2908167404290349, -0.5260600112353339],
      ],
      fy: 6606.288093186245,
      fx: 6606.288093186245,
    },
    {
      id: 19,
      img_name: '12312019',
      width: 3754,
      height: 1618,
      position: [-5.7335129209472955, -0.49217883060524115, -2.179079925023146],
      rotation: [
        [0.5330015789002652, -0.060579533782842775, 0.843942792478541],
        [-0.2773831534708201, -0.9548221053219486, 0.10664583141944918],
        [0.7993546791383709, -0.29093790965636557, -0.5257254318219511],
      ],
      fy: 6606.288093186245,
      fx: 6606.288093186245,
    },
    {
      id: 20,
      img_name: '12312020',
      width: 3754,
      height: 1618,
      position: [
        -5.7249892681214165, -0.48852541151283174, -2.1810635160725442,
      ],
      rotation: [
        [0.5326731867587637, -0.06081237192700769, 0.8441333612225468],
        [-0.27771352480729605, -0.9547463158114483, 0.10646440993859962],
        [0.7994588633865852, -0.29113798767092913, -0.5254561807492147],
      ],
      fy: 6606.288093186245,
      fx: 6606.288093186245,
    },
    {
      id: 21,
      img_name: '12312021',
      width: 3754,
      height: 1618,
      position: [-5.714524866791012, -0.4824598465056773, -2.187292106989376],
      rotation: [
        [0.5320494817309803, -0.06106286725618084, 0.8445085406508623],
        [-0.2777900230903954, -0.9547785451586748, 0.1059746798821399],
        [0.7998475180065467, -0.2909798205153382, -0.5249520854245925],
      ],
      fy: 6606.288093186245,
      fx: 6606.288093186245,
    },
    {
      id: 22,
      img_name: '12312022',
      width: 3754,
      height: 1618,
      position: [-5.703124185544182, -0.47888592720544454, -2.189902532348948],
      rotation: [
        [0.5317356220207793, -0.06114488152617388, 0.8447002614758237],
        [-0.2778966711678021, -0.9547643480143868, 0.1058228704700352],
        [0.8000191675378967, -0.2910091806521119, -0.5246741735097674],
      ],
      fy: 6606.288093186245,
      fx: 6606.288093186245,
    },
    {
      id: 23,
      img_name: '12312023',
      width: 3754,
      height: 1618,
      position: [-5.693943080537994, -0.47827477766079063, -2.188276661099098],
      rotation: [
        [0.5317229260164246, -0.06137417570266265, 0.8446916245029014],
        [-0.27833654342137787, -0.9546335323022773, 0.10584700090373887],
        [0.7998746767742878, -0.2913898240517252, -0.5246832109895776],
      ],
      fy: 6606.288093186245,
      fx: 6606.288093186245,
    },
    {
      id: 24,
      img_name: '12312024',
      width: 3754,
      height: 1618,
      position: [-5.67937979553689, -0.4749935461064217, -2.194676185420353],
      rotation: [
        [0.5312452154421573, -0.06121615573830149, 0.8450036114398802],
        [-0.2782511074561382, -0.95466664260963, 0.10577297711556768],
        [0.8002217456863122, -0.291314578703301, -0.5241955493569838],
      ],
      fy: 6606.288093186245,
      fx: 6606.288093186245,
    },
    {
      id: 25,
      img_name: '12312025',
      width: 3754,
      height: 1618,
      position: [-5.667171954396603, -0.4734343386337326, -2.1932065495578783],
      rotation: [
        [0.5313009487852125, -0.06149387423003783, 0.8449484038993819],
        [-0.2785601587452086, -0.9545862952271764, 0.10568463901767995],
        [0.800077208636627, -0.2915193105038386, -0.5243023477189371],
      ],
      fy: 6606.288093186245,
      fx: 6606.288093186245,
    },
    {
      id: 26,
      img_name: '12312026',
      width: 3754,
      height: 1618,
      position: [-5.650426767272682, -0.4676546726026324, -2.2004236673055106],
      rotation: [
        [0.5308094902225474, -0.0615541698450275, 0.8452528433932469],
        [-0.2786834543687715, -0.9545712804822956, 0.10549503656324039],
        [0.800360429650772, -0.29155574879099894, -0.5238496234571058],
      ],
      fy: 6606.288093186245,
      fx: 6606.288093186245,
    },
    {
      id: 27,
      img_name: '12312027',
      width: 3754,
      height: 1618,
      position: [-5.637394631692783, -0.4659510169195714, -2.203691358979614],
      rotation: [
        [0.5306038912179394, -0.061664095156730186, 0.8453739113509968],
        [-0.27911508912451255, -0.9544370112237219, 0.10556873888298796],
        [0.8003463485562964, -0.2919717982525552, -0.5236393714931802],
      ],
      fy: 6606.288093186245,
      fx: 6606.288093186245,
    },
    {
      id: 28,
      img_name: '12312028',
      width: 3754,
      height: 1618,
      position: [-5.620158572542646, -0.4626103760625159, -2.2070392331752],
      rotation: [
        [0.5304949060849601, -0.06156632921696797, 0.8454494317962828],
        [-0.2788165761153426, -0.9545385984223226, 0.10543899186385246],
        [0.8005226239783777, -0.29166016393860866, -0.5235435772407846],
      ],
      fy: 6606.288093186245,
      fx: 6606.288093186245,
    },
    {
      id: 29,
      img_name: '12312029',
      width: 3754,
      height: 1618,
      position: [-5.600638942435532, -0.4600508057490204, -2.1981766878991986],
      rotation: [
        [0.5312902583550814, -0.062004943498429436, 0.8449177760934773],
        [-0.2789374221177944, -0.954513102595403, 0.1053501377121896],
        [0.7999528585605968, -0.29165068824786694, -0.5244190119792335],
      ],
      fy: 6606.288093186245,
      fx: 6606.288093186245,
    },
    {
      id: 30,
      img_name: '12312030',
      width: 3754,
      height: 1618,
      position: [-5.5840744773629085, -0.45388655271304923, -2.19854382778467],
      rotation: [
        [0.5313437704045072, -0.06235845176001122, 0.84485810710818],
        [-0.27893825603876804, -0.9545543717087077, 0.10497333361309102],
        [0.7999170250534571, -0.2914401738708804, -0.5245906767030254],
      ],
      fy: 6606.288093186245,
      fx: 6606.288093186245,
    },
    {
      id: 31,
      img_name: '12312031',
      width: 3754,
      height: 1618,
      position: [-5.564271946627872, -0.4513708661540623, -2.1948927525088617],
      rotation: [
        [0.5319157820308495, -0.062447411980978015, 0.8444915165727763],
        [-0.278838880792975, -0.9545757293398068, 0.10504311264189238],
        [0.7995714348228248, -0.2913511587281818, -0.5251666620446458],
      ],
      fy: 6606.288093186245,
      fx: 6606.288093186245,
    },
    {
      id: 32,
      img_name: '12312032',
      width: 3754,
      height: 1618,
      position: [-5.544932189686238, -0.44785104045786867, -2.1921604894460556],
      rotation: [
        [0.5323082194104929, -0.06245672346112164, 0.8442435177379402],
        [-0.2785101605531369, -0.9546788335514644, 0.10497816552732046],
        [0.799424824493646, -0.2910111380399666, -0.5255782220754464],
      ],
      fy: 6606.288093186245,
      fx: 6606.288093186245,
    },
    {
      id: 33,
      img_name: '12312033',
      width: 3754,
      height: 1618,
      position: [-5.519931978009831, -0.4472599295838485, -2.1910865298407516],
      rotation: [
        [0.5329503101683623, -0.06233490831261226, 0.8438473357765045],
        [-0.2782771030785659, -0.9547194000013708, 0.10522699826196412],
        [0.7990781068166288, -0.29090415340225106, -0.5261643780603847],
      ],
      fy: 6606.288093186245,
      fx: 6606.288093186245,
    },
    {
      id: 34,
      img_name: '12312034',
      width: 3754,
      height: 1618,
      position: [-5.498067701619781, -0.4444494030094925, -2.1877096016366524],
      rotation: [
        [0.5336170084401075, -0.06244811533659694, 0.8434175248323557],
        [-0.27808984007379517, -0.9547714143858134, 0.10525011695691282],
        [0.7986982716590547, -0.2907090971445852, -0.5268484522955519],
      ],
      fy: 6606.288093186245,
      fx: 6606.288093186245,
    },
    {
      id: 35,
      img_name: '12312035',
      width: 3754,
      height: 1618,
      position: [-5.474122426739565, -0.44010059335283175, -2.183736149628189],
      rotation: [
        [0.5344866677018566, -0.06287435670084002, 0.842834988190702],
        [-0.27821308333955047, -0.9547402138395569, 0.10520743479572695],
        [0.7980736070737243, -0.29071969205241727, -0.5277883840567937],
      ],
      fy: 6606.288093186245,
      fx: 6606.288093186245,
    },
    {
      id: 36,
      img_name: '12312036',
      width: 3754,
      height: 1618,
      position: [-5.452282533141876, -0.4348965270725678, -2.1752495114875043],
      rotation: [
        [0.5354332007942418, -0.06301139332225024, 0.8422237539982009],
        [-0.277430590387327, -0.9549990371582817, 0.10492428958108048],
        [0.7977114484602641, -0.28983858152141156, -0.5288194792715977],
      ],
      fy: 6606.288093186245,
      fx: 6606.288093186245,
    },
    {
      id: 37,
      img_name: '12312037',
      width: 3754,
      height: 1618,
      position: [-5.424587154835151, -0.43346005496684925, -2.167885166016828],
      rotation: [
        [0.5367682429768208, -0.06300421258070063, 0.8413740681341816],
        [-0.2769874591013159, -0.9550986006122224, 0.10518845283191071],
        [0.7969678794231128, -0.28951188629425934, -0.5301179744756503],
      ],
      fy: 6606.288093186245,
      fx: 6606.288093186245,
    },
    {
      id: 38,
      img_name: '12312038',
      width: 3754,
      height: 1618,
      position: [-5.395314121224884, -0.43392205850647214, -2.1614402531728074],
      rotation: [
        [0.5382303578212538, -0.06276221552133952, 0.8404576052499364],
        [-0.2764443162644118, -0.9551989615336087, 0.10570470136289],
        [0.7961699704992065, -0.28923320727048063, -0.531467336613761],
      ],
      fy: 6606.288093186245,
      fx: 6606.288093186245,
    },
    {
      id: 39,
      img_name: '12312039',
      width: 3754,
      height: 1618,
      position: [-5.36742416764463, -0.43098363553486857, -2.152689048205094],
      rotation: [
        [0.5397973365671364, -0.06298187321745241, 0.8394355955527776],
        [-0.2760899159903878, -0.9552836806655922, 0.10586523387032949],
        [0.7952315346636135, -0.2889054743337684, -0.5330482465748612],
      ],
      fy: 6606.288093186245,
      fx: 6606.288093186245,
    },
    {
      id: 40,
      img_name: '12312040',
      width: 3754,
      height: 1618,
      position: [-5.3384363919590205, -0.4279443645220733, -2.1429051584758088],
      rotation: [
        [0.5413932464539822, -0.0627683052356198, 0.8384232180419778],
        [-0.2748855813976343, -0.9556205312701637, 0.10595903621029845],
        [0.7945635719271946, -0.2878359603537731, -0.5346206038804707],
      ],
      fy: 6606.288093186245,
      fx: 6606.288093186245,
    },
    {
      id: 41,
      img_name: '12312041',
      width: 3754,
      height: 1618,
      position: [-5.308924834832375, -0.426855386953795, -2.129953163264269],
      rotation: [
        [0.5434289477505827, -0.06290311700244686, 0.837095082184856],
        [-0.2741474141380774, -0.9558115717411166, 0.10614817307510167],
        [0.7934281152493272, -0.2871714421685289, -0.5366604035465513],
      ],
      fy: 6606.288093186245,
      fx: 6606.288093186245,
    },
    {
      id: 42,
      img_name: '12312042',
      width: 3754,
      height: 1618,
      position: [-5.273999700983916, -0.4266100213370639, -2.1207641830575703],
      rotation: [
        [0.5454422105327555, -0.0626656469865814, 0.8358024956034138],
        [-0.2734447114980584, -0.9559429438885237, 0.10677582958463282],
        [0.7922883217130524, -0.2867858167997436, -0.5385472222188311],
      ],
      fy: 6606.288093186245,
      fx: 6606.288093186245,
    },
    {
      id: 43,
      img_name: '12312043',
      width: 3754,
      height: 1618,
      position: [-5.240892561092018, -0.42421504486481976, -2.1078061405477393],
      rotation: [
        [0.5477398468267678, -0.06271012676529404, 0.834295211660279],
        [-0.2725067476513966, -0.9561815371638213, 0.10703709857563275],
        [0.7910253679134742, -0.2859795586892749, -0.5408276613943118],
      ],
      fy: 6606.288093186245,
      fx: 6606.288093186245,
    },
    {
      id: 44,
      img_name: '12312044',
      width: 3754,
      height: 1618,
      position: [-5.206049085388009, -0.4237924173322242, -2.0940407271671435],
      rotation: [
        [0.5501895479849832, -0.06243699521921847, 0.8327022774774159],
        [-0.2712277163144035, -0.9564944976998182, 0.10748861229379324],
        [0.7897638806573476, -0.2849910481014575, -0.5431879189664284],
      ],
      fy: 6606.288093186245,
      fx: 6606.288093186245,
    },
    {
      id: 45,
      img_name: '12312045',
      width: 3754,
      height: 1618,
      position: [-5.168840579679614, -0.42359985984457577, -2.0754631809054116],
      rotation: [
        [0.553293536560178, -0.06236902009029863, 0.8306481612173153],
        [-0.26995612751238274, -0.9567992469778712, 0.10797634093215823],
        [0.7880291565794055, -0.2839811724666891, -0.5462277382788205],
      ],
      fy: 6606.288093186245,
      fx: 6606.288093186245,
    },
    {
      id: 46,
      img_name: '12312046',
      width: 3754,
      height: 1618,
      position: [-5.128085256269711, -0.42328421196795474, -2.056162614814295],
      rotation: [
        [0.5566901511580745, -0.062371701204364687, 0.8283754260554048],
        [-0.2688410566138912, -0.9570415958297669, 0.10860879398252885],
        [0.7860156244517833, -0.2831627707529476, -0.5495437047016252],
      ],
      fy: 6606.288093186245,
      fx: 6606.288093186245,
    },
    {
      id: 47,
      img_name: '12312047',
      width: 3754,
      height: 1618,
      position: [-5.086012995316857, -0.42348255262040846, -2.0350537965270985],
      rotation: [
        [0.5603765685920356, -0.062186793704507956, 0.8259000569450088],
        [-0.26710554716355184, -0.957467133961638, 0.1091389667247499],
        [0.7839851580530561, -0.28176140628560087, -0.553152584627863],
      ],
      fy: 6606.288093186245,
      fx: 6606.288093186245,
    },
    {
      id: 48,
      img_name: '12312048',
      width: 3754,
      height: 1618,
      position: [-5.040896458432578, -0.4249385925994359, -2.0117004511576106],
      rotation: [
        [0.564481251203236, -0.06175350334126711, 0.8231326878851969],
        [-0.265220378972098, -0.9578905705205191, 0.11001729630276742],
        [0.7816770865376098, -0.2804142644962168, -0.5570895553222298],
      ],
      fy: 6606.288093186245,
      fx: 6606.288093186245,
    },
    {
      id: 49,
      img_name: '12312049',
      width: 3754,
      height: 1618,
      position: [-4.992949422757426, -0.427576239831498, -1.985680889232105],
      rotation: [
        [0.5689525538044187, -0.0607964513734051, 0.8201199808685503],
        [-0.2624453799267604, -0.9585399118222363, 0.11101198133047953],
        [0.7793685996205701, -0.2783972502454389, -0.561319478533616],
      ],
      fy: 6606.288093186245,
      fx: 6606.288093186245,
    },
    {
      id: 50,
      img_name: '12312050',
      width: 3754,
      height: 1618,
      position: [-4.942113729346705, -0.43061802870683547, -1.956388497198285],
      rotation: [
        [0.574026889351099, -0.060337870121589775, 0.8166103549007272],
        [-0.26024275716014783, -0.9590166739731729, 0.11207464649561874],
        [0.7763806010247719, -0.27685079098789606, -0.5662038518782708],
      ],
      fy: 6606.288093186245,
      fx: 6606.288093186245,
    },
    {
      id: 51,
      img_name: '12312051',
      width: 3754,
      height: 1618,
      position: [-4.889388315990056, -0.4340239109346527, -1.9232752701644327],
      rotation: [
        [0.5796222048054568, -0.059949498497991686, 0.8126771544262212],
        [-0.25787549076232397, -0.9595308141970346, 0.11314083202127595],
        [0.7730060355266002, -0.2751484585386866, -0.5716248724497853],
      ],
      fy: 6606.288093186245,
      fx: 6606.288093186245,
    },
    {
      id: 52,
      img_name: '12312052',
      width: 3754,
      height: 1618,
      position: [-4.835716757926572, -0.43408782854900974, -1.890133851321552],
      rotation: [
        [0.5852047397167222, -0.0595124183355456, 0.8086987601554355],
        [-0.25514227902654674, -0.9601629269547588, 0.11397179982263458],
        [0.7696998311460276, -0.2730300821622517, -0.5770760297987181],
      ],
      fy: 6606.288093186245,
      fx: 6606.288093186245,
    },
    {
      id: 53,
      img_name: '12312053',
      width: 3754,
      height: 1618,
      position: [-4.777413901410646, -0.4410373627933054, -1.8566669335603474],
      rotation: [
        [0.5913010557396974, -0.058456459444861116, 0.8043294746745828],
        [-0.2520827966035013, -0.9607893572353631, 0.11549058264558218],
        [0.7660400284173647, -0.27104732681291943, -0.5828516290531354],
      ],
      fy: 6606.288093186245,
      fx: 6606.288093186245,
    },
    {
      id: 54,
      img_name: '12312054',
      width: 3754,
      height: 1618,
      position: [-4.717814002615971, -0.4455326443716432, -1.818046515115544],
      rotation: [
        [0.5979180160997692, -0.05766939307534753, 0.7994800104603224],
        [-0.24892762332110366, -0.9614515494725155, 0.11681590801173321],
        [0.7619245923127976, -0.2688589948638878, -0.5892247079932724],
      ],
      fy: 6606.288093186245,
      fx: 6606.288093186245,
    },
    {
      id: 55,
      img_name: '12312055',
      width: 3754,
      height: 1618,
      position: [-4.6545381193665, -0.4471272076850513, -1.7787940898070502],
      rotation: [
        [0.6047425999885903, -0.05696861496811703, 0.7943808687699209],
        [-0.24557695453677797, -0.9621745135784457, 0.11794984027341045],
        [0.757613586968635, -0.26641092756997825, -0.5958580959522348],
      ],
      fy: 6606.288093186245,
      fx: 6606.288093186245,
    },
    {
      id: 56,
      img_name: '12312056',
      width: 3754,
      height: 1618,
      position: [-4.589808148811893, -0.4506733031256558, -1.7360218461518377],
      rotation: [
        [0.6119937526626928, -0.056141615792355555, 0.7888673942292573],
        [-0.24195321202850414, -0.9629413868480847, 0.11917436252893439],
        [0.752942421364957, -0.26380296524359176, -0.6028977572008081],
      ],
      fy: 6606.288093186245,
      fx: 6606.288093186245,
    },
    {
      id: 57,
      img_name: '12312057',
      width: 3754,
      height: 1618,
      position: [-4.521637210434462, -0.4554605180456832, -1.6925142358754168],
      rotation: [
        [0.6196014057043088, -0.05479768125938062, 0.7830014764850955],
        [-0.2375647908529457, -0.9638644277042321, 0.12053354368552062],
        [0.7481023113159326, -0.2606963351007997, -0.6102297540015326],
      ],
      fy: 6606.288093186245,
      fx: 6606.288093186245,
    },
    {
      id: 58,
      img_name: '12312058',
      width: 3754,
      height: 1618,
      position: [-4.449938233990681, -0.4608899107802131, -1.6483906584321824],
      rotation: [
        [0.6275325440388313, -0.053505156942080696, 0.7767497050870092],
        [-0.23339611156088289, -0.9646842305094739, 0.12210892888976047],
        [0.742784734146046, -0.2579176876194186, -0.617858644944489],
      ],
      fy: 6606.288093186245,
      fx: 6606.288093186245,
    },
    {
      id: 59,
      img_name: '12312059',
      width: 3754,
      height: 1618,
      position: [-4.380470131732067, -0.461869260430428, -1.6008337383484448],
      rotation: [
        [0.6356004928186698, -0.05296158872067795, 0.7701993791537654],
        [-0.2294616437085645, -0.9655185206547025, 0.1229688592258986],
        [0.7371291390219407, -0.2548902830492697, -0.6258367007549458],
      ],
      fy: 6606.288093186245,
      fx: 6606.288093186245,
    },
    {
      id: 60,
      img_name: '12312060',
      width: 3754,
      height: 1618,
      position: [-4.303290067558145, -0.46663406014847425, -1.553150018290853],
      rotation: [
        [0.6441878626779318, -0.05133724554809737, 0.7631425062188403],
        [-0.22443932552571327, -0.9665104455371553, 0.12443692307804968],
        [0.7311969548186052, -0.25143994489162597, -0.6341363949316385],
      ],
      fy: 6606.288093186245,
      fx: 6606.288093186245,
    },
    {
      id: 61,
      img_name: '12312061',
      width: 3754,
      height: 1618,
      position: [-4.222606309060169, -0.4686380534482513, -1.499436378314183],
      rotation: [
        [0.6533276654830916, -0.05022703596496455, 0.7554073115694524],
        [-0.2195630009934573, -0.9674841176830066, 0.12556500557831854],
        [0.7245378182739399, -0.24789458826144276, -0.6431121387452815],
      ],
      fy: 6606.288093186245,
      fx: 6606.288093186245,
    },
    {
      id: 62,
      img_name: '12312062',
      width: 3754,
      height: 1618,
      position: [-4.145272284599439, -0.4694537348826875, -1.4460314551695699],
      rotation: [
        [0.6623635969458471, -0.04907547924324419, 0.7475734497546079],
        [-0.214405226639351, -0.9685333882020573, 0.12638621256913993],
        [0.7178473822691616, -0.24399728128585615, -0.6520432980212457],
      ],
      fy: 6606.288093186245,
      fx: 6606.288093186245,
    },
    {
      id: 63,
      img_name: '12312063',
      width: 3754,
      height: 1618,
      position: [-4.058132843644944, -0.4754955457336851, -1.3945275876703793],
      rotation: [
        [0.6719499949820147, -0.0473484932069005, 0.7390814058239503],
        [-0.20917346105384976, -0.9694562132479373, 0.12806683327748833],
        [0.7104432893865803, -0.24065072363491138, -0.6613301458270063],
      ],
      fy: 6606.288093186245,
      fx: 6606.288093186245,
    },
    {
      id: 64,
      img_name: '12312064',
      width: 3754,
      height: 1618,
      position: [-3.9685533097768384, -0.4771258360928805, -1.3410977813298826],
      rotation: [
        [0.681701070203744, -0.04586788380587379, 0.730191610550437],
        [-0.20350836628264868, -0.9705338675918256, 0.12902851122996054],
        [0.7027574231098789, -0.23655897592867536, -0.6709484743045021],
      ],
      fy: 6606.288093186245,
      fx: 6606.288093186245,
    },
    {
      id: 65,
      img_name: '12312065',
      width: 3754,
      height: 1618,
      position: [
        -3.8759181377457117, -0.47889402446869733, -1.2877166039088237,
      ],
      rotation: [
        [0.6916446613949743, -0.04396917301667929, 0.7208983105737318],
        [-0.19740586406409028, -0.9716462744982902, 0.13013240213991037],
        [0.6947363436563121, -0.23231493511572335, -0.6807137311125994],
      ],
      fy: 6606.288093186245,
      fx: 6606.288093186245,
    },
    {
      id: 66,
      img_name: '12312066',
      width: 3754,
      height: 1618,
      position: [-3.785344958829939, -0.4775028454238001, -1.2314515001986204],
      rotation: [
        [0.7017293527678496, -0.042685056206171475, 0.7111637655566337],
        [-0.191769640441679, -0.9726789013750252, 0.13084402861706598],
        [0.6861489054635909, -0.2281967151309379, -0.6907430337937299],
      ],
      fy: 6606.288093186245,
      fx: 6606.288093186245,
    },
    {
      id: 67,
      img_name: '12312067',
      width: 3754,
      height: 1618,
      position: [-3.686680355956327, -0.47842120984928305, -1.1777032576752693],
      rotation: [
        [0.7121596086670114, -0.040904742781350256, 0.7008248667115349],
        [-0.18575306791789917, -0.9736998395226665, 0.13192581351889615],
        [0.6769966687823046, -0.2241326047935146, -0.7010278781376226],
      ],
      fy: 6606.288093186245,
      fx: 6606.288093186245,
    },
    {
      id: 68,
      img_name: '12312068',
      width: 3754,
      height: 1618,
      position: [-3.589233568700112, -0.4771573600089223, -1.1222052236616422],
      rotation: [
        [0.7225647306569987, -0.03881830897615884, 0.6902125389318935],
        [-0.17896911770085502, -0.9748877268646448, 0.1325291474282651],
        [0.6677351757395716, -0.21928761683441406, -0.711366766290868],
      ],
      fy: 6606.288093186245,
      fx: 6606.288093186245,
    },
    {
      id: 69,
      img_name: '12312069',
      width: 3754,
      height: 1618,
      position: [-3.4876922920431515, -0.4760761786635387, -1.065834857749734],
      rotation: [
        [0.7332666385888776, -0.03649381587008158, 0.6789611462637674],
        [-0.17197476601135245, -0.9760452551790227, 0.1332679244899404],
        [0.657833350163937, -0.214485107281966, -0.7219774388208638],
      ],
      fy: 6606.288093186245,
      fx: 6606.288093186245,
    },
    {
      id: 70,
      img_name: '12312070',
      width: 3754,
      height: 1618,
      position: [-3.3807604070758788, -0.4722009345720677, -1.014873659839995],
      rotation: [
        [0.7440136437445546, -0.03423161250333311, 0.6672869657256708],
        [-0.16503194772822727, -0.9771594767833898, 0.1338798459867681],
        [0.6474628592830468, -0.20973209968394138, -0.7326692925264353],
      ],
      fy: 6606.288093186245,
      fx: 6606.288093186245,
    },
    {
      id: 71,
      img_name: '12312071',
      width: 3754,
      height: 1618,
      position: [-3.273042644274369, -0.46729920616469667, -0.9603615095545479],
      rotation: [
        [0.7549272355620228, -0.03201186050934405, 0.6550268008207086],
        [-0.15785799210762622, -0.9783108113526336, 0.1341223721766848],
        [0.6365262942993248, -0.20465384720860444, -0.7436068043585182],
      ],
      fy: 6606.288093186245,
      fx: 6606.288093186245,
    },
    {
      id: 72,
      img_name: '12312072',
      width: 3754,
      height: 1618,
      position: [-3.168453324602154, -0.4594144440378133, -0.8984433950325854],
      rotation: [
        [0.7659123445098751, -0.029793589509157142, 0.6422543285580455],
        [-0.15020645361771218, -0.9795745368125018, 0.13368525767698497],
        [0.6251530227224181, -0.1988619341471153, -0.7547434195329505],
      ],
      fy: 6606.288093186245,
      fx: 6606.288093186245,
    },
    {
      id: 73,
      img_name: '12312073',
      width: 3754,
      height: 1618,
      position: [-3.055795207140586, -0.45273044889478636, -0.8441804977008082],
      rotation: [
        [0.7769727351342515, -0.026948800964284744, 0.6289571773853826],
        [-0.14222316975939756, -0.9807674383456776, 0.133670497359916],
        [0.6132584600652404, -0.19331061535116242, -0.7658623029964102],
      ],
      fy: 6606.288093186245,
      fx: 6606.288093186245,
    },
    {
      id: 74,
      img_name: '12312074',
      width: 3754,
      height: 1618,
      position: [-2.9364509509541357, -0.44421149190085446, -0.797673172721179],
      rotation: [
        [0.7879178291518868, -0.023842061589574682, 0.6153186577731388],
        [-0.13399390410093903, -0.9819444448903868, 0.13353179700992243],
        [0.6010250645092653, -0.18766103284398095, -0.7768862262799903],
      ],
      fy: 6606.288093186245,
      fx: 6606.288093186245,
    },
    {
      id: 75,
      img_name: '12312075',
      width: 3754,
      height: 1618,
      position: [-2.8224291481901926, -0.43569899792569444, -0.744324189445273],
      rotation: [
        [0.7987929950858206, -0.020687982909515176, 0.6012501628814415],
        [-0.1254930058781437, -0.983153231060675, 0.1328955594842191],
        [0.5883716992492862, -0.1816087322187208, -0.7879321112281291],
      ],
      fy: 6606.288093186245,
      fx: 6606.288093186245,
    },
    {
      id: 76,
      img_name: '12312076',
      width: 3754,
      height: 1618,
      position: [
        -2.7072976973282006, -0.42275911461156435, -0.6893991840126831,
      ],
      rotation: [
        [0.8098728696820889, -0.017810874195043763, 0.5863349790975347],
        [-0.11692444395690825, -0.9843832217088971, 0.13159919157570726],
        [0.574834419079326, -0.1751355063327257, -0.7993077911939263],
      ],
      fy: 6606.288093186245,
      fx: 6606.288093186245,
    },
    {
      id: 77,
      img_name: '12312077',
      width: 3754,
      height: 1618,
      position: [
        -2.5863467979733676, -0.40890301267953716, -0.6377861918433546,
      ],
      rotation: [
        [0.8210963807675649, -0.014747161014160645, 0.5705990314857085],
        [-0.10812582060061786, -0.9855847141601336, 0.1301213976766712],
        [0.5604547621439656, -0.16853869720604178, -0.8108545906229061],
      ],
      fy: 6606.288093186245,
      fx: 6606.288093186245,
    },
    {
      id: 78,
      img_name: '12312078',
      width: 3754,
      height: 1618,
      position: [-2.465006415068386, -0.39293114816358365, -0.5890438689672254],
      rotation: [
        [0.8321656592576685, -0.011436295025206768, 0.5544091690334375],
        [-0.0989352051706516, -0.9868082648433605, 0.12814551734133045],
        [0.5456300401646625, -0.16148888380607676, -0.8223194024690018],
      ],
      fy: 6606.288093186245,
      fx: 6606.288093186245,
    },
    {
      id: 79,
      img_name: '12312079',
      width: 3754,
      height: 1618,
      position: [-2.34096240861444, -0.375050722490015, -0.5406683786381971],
      rotation: [
        [0.8432891186371024, -0.007801826586786511, 0.5374035670612622],
        [-0.0892305314350067, -0.9880503758246968, 0.12567564239940066],
        [0.5300012968362298, -0.15393370759708694, -0.8339082917307692],
      ],
      fy: 6606.288093186245,
      fx: 6606.288093186245,
    },
    {
      id: 80,
      img_name: '12312080',
      width: 3754,
      height: 1618,
      position: [-2.216118934162621, -0.3569098775899849, -0.493570875714137],
      rotation: [
        [0.8542721389895876, -0.003836684216777623, 0.5198118817422085],
        [-0.07922080714930085, -0.9892530724486867, 0.12289191334439856],
        [0.5137540036445148, -0.14616305451465705, -0.845395283423191],
      ],
      fy: 6606.288093186245,
      fx: 6606.288093186245,
    },
    {
      id: 81,
      img_name: '12312081',
      width: 3754,
      height: 1618,
      position: [-2.089282107164814, -0.3356650047244069, -0.44771780639863307],
      rotation: [
        [0.8651847802584216, 0.0001721831389428345, 0.5014531547035612],
        [-0.06908710029615782, -0.9904227347705612, 0.11953986373704688],
        [0.4966711875897932, -0.13806801513228822, -0.8568867805116235],
      ],
      fy: 6606.288093186245,
      fx: 6606.288093186245,
    },
    {
      id: 82,
      img_name: '12312082',
      width: 3754,
      height: 1618,
      position: [-1.9608195674638678, -0.3122526029829605, -0.4068022634193397],
      rotation: [
        [0.8757324480951151, 0.0049142719406858855, 0.48277171549773856],
        [-0.0583251669505625, -0.9915477460410157, 0.11589323630467369],
        [0.4792607372334244, -0.12964920845217265, -0.8680439093123113],
      ],
      fy: 6606.288093186245,
      fx: 6606.288093186245,
    },
    {
      id: 83,
      img_name: '12312083',
      width: 3754,
      height: 1618,
      position: [
